psionic.jpg
-0.343192 -0.030819 -0.124402   -0.343192 0.020606 -0.124402   -0.343192 -0.036027 -0.872416
-0.343192 -0.036027 -0.872416   -0.343192 0.020606 -0.124402   -0.343192 0.015398 -0.872416
-0.343192 -0.036027 -0.872416   -0.343192 0.015398 -0.872416   -0.000248 -0.036027 -0.872416
-0.000248 -0.036027 -0.872416   -0.343192 0.015398 -0.872416   -0.000248 0.015398 -0.872416
-0.000248 -0.036027 -0.872416   -0.000248 0.015398 -0.872416   0.353886 -0.036027 -0.872416
0.353886 -0.036027 -0.872416   -0.000248 0.015398 -0.872416   0.353886 0.015398 -0.872416
0.353886 -0.036027 -0.872416   0.353886 0.015398 -0.872416   0.353886 -0.030819 -0.124402
0.353886 -0.030819 -0.124402   0.353886 0.015398 -0.872416   0.353886 0.020606 -0.124402
-0.411114 0.023023 -0.124402   -0.343192 0.015398 -0.872416   -0.343192 0.020606 -0.124402
-0.393271 0.061460 -0.912411   -0.343192 0.015398 -0.872416   -0.411114 0.023023 -0.124402
-0.393271 0.061460 -0.912411   -0.000248 0.015398 -0.872416   -0.343192 0.015398 -0.872416
-0.000248 0.061460 -0.912411   -0.000248 0.015398 -0.872416   -0.393271 0.061460 -0.912411
-0.000248 0.061460 -0.912411   0.353886 0.015398 -0.872416   -0.000248 0.015398 -0.872416
0.403965 0.061460 -0.912411   0.353886 0.015398 -0.872416   -0.000248 0.061460 -0.912411
0.403965 0.061460 -0.912411   0.353886 0.020606 -0.124402   0.353886 0.015398 -0.872416
-0.411114 0.023023 -0.124402   -0.343192 0.020606 -0.124402   -0.175795 0.261665 -0.124402
-0.274073 0.149909 -0.277536   -0.411114 0.023023 -0.124402   -0.175795 0.261665 -0.124402
-0.305057 0.107625 -0.277512   -0.411114 0.023023 -0.124402   -0.274073 0.149909 -0.277536
-0.305057 0.107625 -0.277512   -0.393271 0.061460 -0.912411   -0.411114 0.023023 -0.124402
-0.302309 0.116116 -0.513676   -0.393271 0.061460 -0.912411   -0.305057 0.107625 -0.277512
-0.302309 0.116116 -0.513676   -0.163072 0.265097 -0.510833   -0.393271 0.061460 -0.912411
-0.163072 0.265097 -0.510833   -0.000248 0.061460 -0.912411   -0.393271 0.061460 -0.912411
0.173765 0.265097 -0.510833   -0.000248 0.061460 -0.912411   -0.163072 0.265097 -0.510833
0.173765 0.265097 -0.510833   0.403965 0.061460 -0.912411   -0.000248 0.061460 -0.912411
-0.175795 0.261665 -0.124402   -0.343192 0.020606 -0.124402   -0.130358 0.210240 -0.124402
-0.175795 0.261665 -0.124402   -0.130358 0.210240 -0.124402   0.186489 0.261665 -0.124402
-0.175795 0.261665 -0.124402   0.186489 0.261665 -0.124402   -0.163072 0.265097 -0.510833
-0.266195 0.149720 -0.456199   -0.175795 0.261665 -0.124402   -0.163072 0.265097 -0.510833
-0.274073 0.149909 -0.277536   -0.175795 0.261665 -0.124402   -0.266195 0.149720 -0.456199
-0.729833 0.459285 -0.735347   -0.274073 0.149909 -0.277536   -0.266195 0.149720 -0.456199
-0.737711 0.459284 -0.649232   -0.274073 0.149909 -0.277536   -0.729833 0.459285 -0.735347
-0.737711 0.459284 -0.649232   -0.305057 0.107625 -0.277512   -0.274073 0.149909 -0.277536
-0.788239 0.482424 -0.649219   -0.305057 0.107625 -0.277512   -0.737711 0.459284 -0.649232
-0.788239 0.482424 -0.649219   -0.302309 0.116116 -0.513676   -0.305057 0.107625 -0.277512
-0.323077 0.043843 -0.083756   -0.130358 0.210240 -0.124402   -0.343192 0.020606 -0.124402
-0.150472 0.187003 -0.083756   -0.130358 0.210240 -0.124402   -0.323077 0.043843 -0.083756
-0.150472 0.187003 -0.083756   -0.130358 0.210240 0.409801   -0.130358 0.210240 -0.124402
-0.130358 0.210240 0.409801   0.141052 0.210240 0.409801   -0.130358 0.210240 -0.124402
-0.130358 0.210240 -0.124402   0.141052 0.210240 0.409801   0.141052 0.210240 -0.124402
0.186489 0.261665 -0.124402   -0.130358 0.210240 -0.124402   0.141052 0.210240 -0.124402
-0.323077 0.043843 -0.083756   -0.343192 0.020606 -0.124402   -0.323077 -0.006837 0.790313
-0.323077 -0.006837 0.790313   -0.150472 0.187003 0.394450   -0.323077 0.043843 -0.083756
-0.323077 0.043843 -0.083756   -0.150472 0.187003 0.394450   -0.150472 0.187003 -0.083756
-0.150472 0.187003 0.394450   -0.130358 0.210240 0.409801   -0.150472 0.187003 -0.083756
-0.150472 0.187003 0.394450   -0.343192 -0.030073 0.897927   -0.130358 0.210240 0.409801
-0.286108 -0.013818 0.865655   -0.130358 0.210240 0.409801   -0.343192 -0.030073 0.897927
-0.101418 0.193984 0.442074   -0.130358 0.210240 0.409801   -0.286108 -0.013818 0.865655
-0.101418 0.193984 0.442074   0.141052 0.210240 0.409801   -0.130358 0.210240 0.409801
-0.323077 -0.006837 0.790313   -0.343192 0.020606 -0.124402   -0.343192 -0.030073 0.897927
-0.323077 -0.006837 0.790313   -0.343192 -0.030073 0.897927   -0.150472 0.187003 0.394450
-0.266195 0.149720 -0.456199   -0.163072 0.265097 -0.510833   -0.302309 0.116116 -0.513676
-0.785492 0.482356 -0.763050   -0.266195 0.149720 -0.456199   -0.302309 0.116116 -0.513676
-0.729833 0.459285 -0.735347   -0.266195 0.149720 -0.456199   -0.785492 0.482356 -0.763050
-0.785492 0.482356 -0.763050   -0.737711 0.459284 -0.649232   -0.729833 0.459285 -0.735347
-0.788239 0.482424 -0.649219   -0.737711 0.459284 -0.649232   -0.785492 0.482356 -0.763050
-0.785492 0.482356 -0.763050   -0.302309 0.116116 -0.513676   -0.788239 0.482424 -0.649219
-0.163072 0.265097 -0.510833   0.186489 0.261665 -0.124402   0.173765 0.265097 -0.510833
0.284767 0.149909 -0.277536   0.173765 0.265097 -0.510833   0.186489 0.261665 -0.124402
0.276889 0.149720 -0.456199   0.173765 0.265097 -0.510833   0.284767 0.149909 -0.277536
0.276889 0.149720 -0.456199   0.403965 0.061460 -0.912411   0.173765 0.265097 -0.510833
0.313003 0.116116 -0.513676   0.403965 0.061460 -0.912411   0.276889 0.149720 -0.456199
0.313003 0.116116 -0.513676   0.421808 0.023023 -0.124402   0.403965 0.061460 -0.912411
0.421808 0.023023 -0.124402   0.353886 0.020606 -0.124402   0.403965 0.061460 -0.912411
0.284767 0.149909 -0.277536   0.186489 0.261665 -0.124402   0.315751 0.107625 -0.277512
0.798933 0.482424 -0.649219   0.284767 0.149909 -0.277536   0.315751 0.107625 -0.277512
0.758177 0.462540 -0.649231   0.284767 0.149909 -0.277536   0.798933 0.482424 -0.649219
0.758177 0.462540 -0.649231   0.276889 0.149720 -0.456199   0.284767 0.149909 -0.277536
0.750298 0.462542 -0.735346   0.276889 0.149720 -0.456199   0.758177 0.462540 -0.649231
0.750298 0.462542 -0.735346   0.313003 0.116116 -0.513676   0.276889 0.149720 -0.456199
0.796186 0.482356 -0.763050   0.313003 0.116116 -0.513676   0.750298 0.462542 -0.735346
0.796186 0.482356 -0.763050   0.315751 0.107625 -0.277512   0.313003 0.116116 -0.513676
0.315751 0.107625 -0.277512   0.421808 0.023023 -0.124402   0.313003 0.116116 -0.513676
0.315751 0.107625 -0.277512   0.186489 0.261665 -0.124402   0.421808 0.023023 -0.124402
0.186489 0.261665 -0.124402   0.141052 0.210240 -0.124402   0.421808 0.023023 -0.124402
0.421808 0.023023 -0.124402   0.141052 0.210240 -0.124402   0.353886 0.020606 -0.124402
0.161167 0.187003 -0.083756   0.353886 0.020606 -0.124402   0.141052 0.210240 -0.124402
0.333772 0.043843 -0.083756   0.353886 0.020606 -0.124402   0.161167 0.187003 -0.083756
0.333772 0.043843 -0.083756   0.353886 -0.030073 0.897927   0.353886 0.020606 -0.124402
0.161167 0.187003 -0.083756   0.141052 0.210240 -0.124402   0.161167 0.187003 0.394450
0.333772 -0.006837 0.790313   0.161167 0.187003 -0.083756   0.161167 0.187003 0.394450
0.333772 0.043843 -0.083756   0.161167 0.187003 -0.083756   0.333772 -0.006837 0.790313
0.333772 -0.006837 0.790313   0.353886 -0.030073 0.897927   0.333772 0.043843 -0.083756
0.333772 -0.006837 0.790313   0.141052 0.210240 0.409801   0.353886 -0.030073 0.897927
0.112112 0.193984 0.442074   0.353886 -0.030073 0.897927   0.141052 0.210240 0.409801
0.296802 -0.013818 0.865655   0.353886 -0.030073 0.897927   0.112112 0.193984 0.442074
0.296802 -0.013818 0.865655   -0.000248 -0.035213 1.007347   0.353886 -0.030073 0.897927
0.161167 0.187003 0.394450   0.141052 0.210240 -0.124402   0.141052 0.210240 0.409801
0.161167 0.187003 0.394450   0.141052 0.210240 0.409801   0.333772 -0.006837 0.790313
0.112112 0.193984 0.442074   0.141052 0.210240 0.409801   -0.101418 0.193984 0.442074
-0.101418 0.193984 0.442074   -0.000248 -0.018957 0.975074   0.112112 0.193984 0.442074
0.112112 0.193984 0.442074   -0.000248 -0.018957 0.975074   0.296802 -0.013818 0.865655
-0.000248 -0.018957 0.975074   -0.000248 -0.035213 1.007347   0.296802 -0.013818 0.865655
-0.000248 -0.018957 0.975074   -0.343192 -0.030073 0.897927   -0.000248 -0.035213 1.007347
-0.286108 -0.013818 0.865655   -0.343192 -0.030073 0.897927   -0.000248 -0.018957 0.975074
-0.101418 0.193984 0.442074   -0.286108 -0.013818 0.865655   -0.000248 -0.018957 0.975074
0.798933 0.482424 -0.649219   0.315751 0.107625 -0.277512   0.796186 0.482356 -0.763050
0.796186 0.482356 -0.763050   0.750298 0.462542 -0.735346   0.798933 0.482424 -0.649219
0.798933 0.482424 -0.649219   0.750298 0.462542 -0.735346   0.758177 0.462540 -0.649231
-1.089726 -0.095057 0.734063   -1.111146 -0.103930 0.398101   -1.089726 -0.095057 0.398101
-1.089726 -0.095057 0.734063   -1.111146 -0.103930 0.734063   -1.111146 -0.103930 0.398101
-1.111146 -0.103930 0.734063   -1.132568 -0.095057 0.398101   -1.111146 -0.103930 0.398101
-1.111146 -0.103930 0.734063   -1.132568 -0.095057 0.734063   -1.132568 -0.095057 0.398101
-1.132568 -0.095057 0.734063   -1.141440 -0.073637 0.398101   -1.132568 -0.095057 0.398101
-1.132568 -0.095057 0.734063   -1.141440 -0.073637 0.734063   -1.141440 -0.073637 0.398101
-1.141440 -0.073637 0.734063   -1.132568 -0.052216 0.398101   -1.141440 -0.073637 0.398101
-1.080853 -0.073637 0.734063   -1.089726 -0.095057 0.734063   -1.089726 -0.095057 0.398101
-1.080853 -0.073637 0.734063   -1.070436 -0.114348 0.753060   -1.089726 -0.095057 0.734063
-1.089726 -0.095057 0.734063   -1.070436 -0.114348 0.753060   -1.111146 -0.131211 0.753060
-1.089726 -0.095057 0.734063   -1.111146 -0.131211 0.753060   -1.111146 -0.103930 0.734063
-1.111146 -0.103930 0.734063   -1.111146 -0.131211 0.753060   -1.151858 -0.114348 0.753060
-1.111146 -0.103930 0.734063   -1.151858 -0.114348 0.753060   -1.132568 -0.095057 0.734063
-1.132568 -0.095057 0.734063   -1.151858 -0.114348 0.753060   -1.168721 -0.073637 0.753060
-1.132568 -0.095057 0.734063   -1.168721 -0.073637 0.753060   -1.141440 -0.073637 0.734063
-1.080853 -0.073637 0.734063   -1.089726 -0.095057 0.398101   -1.080853 -0.073637 0.398101
-1.089726 -0.052216 0.734063   -1.080853 -0.073637 0.734063   -1.080853 -0.073637 0.398101
-1.089726 -0.052216 0.734063   -1.053572 -0.073637 0.753060   -1.080853 -0.073637 0.734063
-1.080853 -0.073637 0.734063   -1.053572 -0.073637 0.753060   -1.070436 -0.114348 0.753060
-1.053572 -0.073637 0.753060   -1.082150 -0.102633 1.129531   -1.070436 -0.114348 0.753060
-1.070436 -0.114348 0.753060   -1.082150 -0.102633 1.129531   -1.111146 -0.114644 1.129531
-1.070436 -0.114348 0.753060   -1.111146 -0.114644 1.129531   -1.111146 -0.131211 0.753060
-1.111146 -0.131211 0.753060   -1.111146 -0.114644 1.129531   -1.140144 -0.102633 1.129531
-1.111146 -0.131211 0.753060   -1.140144 -0.102633 1.129531   -1.151858 -0.114348 0.753060
-1.151858 -0.114348 0.753060   -1.140144 -0.102633 1.129531   -1.152154 -0.073637 1.129531
-1.151858 -0.114348 0.753060   -1.152154 -0.073637 1.129531   -1.168721 -0.073637 0.753060
-1.089726 -0.052216 0.734063   -1.080853 -0.073637 0.398101   -1.089726 -0.052216 0.398101
-1.111146 -0.043343 0.734063   -1.089726 -0.052216 0.734063   -1.089726 -0.052216 0.398101
-1.111146 -0.043343 0.734063   -1.070436 -0.032926 0.753059   -1.089726 -0.052216 0.734063
-1.089726 -0.052216 0.734063   -1.070436 -0.032926 0.753059   -1.053572 -0.073637 0.753060
-1.070436 -0.032926 0.753059   -1.070139 -0.073637 1.129531   -1.053572 -0.073637 0.753060
-1.053572 -0.073637 0.753060   -1.070139 -0.073637 1.129531   -1.082150 -0.102633 1.129531
-1.111146 -0.073637 1.129531   -1.082150 -0.102633 1.129531   -1.070139 -0.073637 1.129531
-1.111146 -0.073637 1.129531   -1.111146 -0.114644 1.129531   -1.082150 -0.102633 1.129531
-1.111146 -0.073637 1.129531   -1.140144 -0.102633 1.129531   -1.111146 -0.114644 1.129531
-1.111146 -0.073637 1.129531   -1.152154 -0.073637 1.129531   -1.140144 -0.102633 1.129531
-1.111146 -0.073637 1.129531   -1.140144 -0.044640 1.129531   -1.152154 -0.073637 1.129531
-1.168721 -0.073637 0.753060   -1.152154 -0.073637 1.129531   -1.140144 -0.044640 1.129531
-1.111146 -0.043343 0.734063   -1.089726 -0.052216 0.398101   -1.111146 -0.043343 0.398101
-1.132568 -0.052216 0.734063   -1.111146 -0.043343 0.734063   -1.111146 -0.043343 0.398101
-1.132568 -0.052216 0.734063   -1.111146 -0.016062 0.753059   -1.111146 -0.043343 0.734063
-1.111146 -0.043343 0.734063   -1.111146 -0.016062 0.753059   -1.070436 -0.032926 0.753059
-1.111146 -0.016062 0.753059   -1.082150 -0.044640 1.129531   -1.070436 -0.032926 0.753059
-1.070436 -0.032926 0.753059   -1.082150 -0.044640 1.129531   -1.070139 -0.073637 1.129531
-1.111146 -0.073637 1.129531   -1.070139 -0.073637 1.129531   -1.082150 -0.044640 1.129531
-1.111146 -0.073637 1.129531   -1.082150 -0.044640 1.129531   -1.111146 -0.032629 1.129531
-1.111146 -0.073637 1.129531   -1.111146 -0.032629 1.129531   -1.140144 -0.044640 1.129531
-1.151858 -0.032926 0.753059   -1.140144 -0.044640 1.129531   -1.111146 -0.032629 1.129531
-1.168721 -0.073637 0.753060   -1.140144 -0.044640 1.129531   -1.151858 -0.032926 0.753059
-1.141440 -0.073637 0.734063   -1.168721 -0.073637 0.753060   -1.151858 -0.032926 0.753059
-1.132568 -0.052216 0.734063   -1.111146 -0.043343 0.398101   -1.132568 -0.052216 0.398101
-1.141440 -0.073637 0.734063   -1.132568 -0.052216 0.734063   -1.132568 -0.052216 0.398101
-1.141440 -0.073637 0.734063   -1.151858 -0.032926 0.753059   -1.132568 -0.052216 0.734063
-1.132568 -0.052216 0.734063   -1.151858 -0.032926 0.753059   -1.111146 -0.016062 0.753059
-1.151858 -0.032926 0.753059   -1.111146 -0.032629 1.129531   -1.111146 -0.016062 0.753059
-1.111146 -0.016062 0.753059   -1.111146 -0.032629 1.129531   -1.082150 -0.044640 1.129531
1.111146 -0.103930 0.398101   1.089726 -0.095057 0.734063   1.089726 -0.095057 0.398101
1.111146 -0.103930 0.734063   1.089726 -0.095057 0.734063   1.111146 -0.103930 0.398101
1.111146 -0.131211 0.753060   1.089726 -0.095057 0.734063   1.111146 -0.103930 0.734063
1.070436 -0.114348 0.753060   1.089726 -0.095057 0.734063   1.111146 -0.131211 0.753060
1.070436 -0.114348 0.753060   1.080853 -0.073637 0.734063   1.089726 -0.095057 0.734063
1.089726 -0.095057 0.734063   1.080853 -0.073637 0.734063   1.089726 -0.095057 0.398101
1.089726 -0.095057 0.398101   1.080853 -0.073637 0.734063   1.080853 -0.073637 0.398101
1.080853 -0.073637 0.734063   1.089726 -0.052216 0.734063   1.080853 -0.073637 0.398101
1.080853 -0.073637 0.398101   1.089726 -0.052216 0.734063   1.089726 -0.052216 0.398101
1.132568 -0.095057 0.398101   1.111146 -0.103930 0.734063   1.111146 -0.103930 0.398101
1.132568 -0.095057 0.734063   1.111146 -0.103930 0.734063   1.132568 -0.095057 0.398101
1.151858 -0.114348 0.753060   1.111146 -0.103930 0.734063   1.132568 -0.095057 0.734063
1.111146 -0.131211 0.753060   1.111146 -0.103930 0.734063   1.151858 -0.114348 0.753060
1.140144 -0.102633 1.129531   1.111146 -0.131211 0.753060   1.151858 -0.114348 0.753060
1.111146 -0.114644 1.129531   1.111146 -0.131211 0.753060   1.140144 -0.102633 1.129531
1.111146 -0.114644 1.129531   1.070436 -0.114348 0.753060   1.111146 -0.131211 0.753060
1.082150 -0.102633 1.129531   1.070436 -0.114348 0.753060   1.111146 -0.114644 1.129531
1.082150 -0.102633 1.129531   1.053572 -0.073637 0.753060   1.070436 -0.114348 0.753060
1.053572 -0.073637 0.753060   1.080853 -0.073637 0.734063   1.070436 -0.114348 0.753060
1.053572 -0.073637 0.753060   1.089726 -0.052216 0.734063   1.080853 -0.073637 0.734063
1.141440 -0.073637 0.398101   1.132568 -0.095057 0.734063   1.132568 -0.095057 0.398101
1.141440 -0.073637 0.734063   1.132568 -0.095057 0.734063   1.141440 -0.073637 0.398101
1.168721 -0.073637 0.753060   1.132568 -0.095057 0.734063   1.141440 -0.073637 0.734063
1.151858 -0.114348 0.753060   1.132568 -0.095057 0.734063   1.168721 -0.073637 0.753060
1.152154 -0.073637 1.129531   1.151858 -0.114348 0.753060   1.168721 -0.073637 0.753060
1.140144 -0.102633 1.129531   1.151858 -0.114348 0.753060   1.152154 -0.073637 1.129531
1.152154 -0.073637 1.129531   1.111146 -0.073637 1.129531   1.140144 -0.102633 1.129531
1.140144 -0.102633 1.129531   1.111146 -0.073637 1.129531   1.111146 -0.114644 1.129531
1.111146 -0.114644 1.129531   1.111146 -0.073637 1.129531   1.082150 -0.102633 1.129531
1.082150 -0.102633 1.129531   1.111146 -0.073637 1.129531   1.070139 -0.073637 1.129531
1.070139 -0.073637 1.129531   1.053572 -0.073637 0.753060   1.082150 -0.102633 1.129531
1.070139 -0.073637 1.129531   1.070436 -0.032926 0.753059   1.053572 -0.073637 0.753060
1.070436 -0.032926 0.753059   1.089726 -0.052216 0.734063   1.053572 -0.073637 0.753060
1.132568 -0.052216 0.398101   1.141440 -0.073637 0.734063   1.141440 -0.073637 0.398101
1.132568 -0.052216 0.734063   1.141440 -0.073637 0.734063   1.132568 -0.052216 0.398101
1.151858 -0.032926 0.753059   1.141440 -0.073637 0.734063   1.132568 -0.052216 0.734063
1.168721 -0.073637 0.753060   1.141440 -0.073637 0.734063   1.151858 -0.032926 0.753059
1.140144 -0.044640 1.129531   1.168721 -0.073637 0.753060   1.151858 -0.032926 0.753059
1.152154 -0.073637 1.129531   1.168721 -0.073637 0.753060   1.140144 -0.044640 1.129531
1.140144 -0.044640 1.129531   1.111146 -0.073637 1.129531   1.152154 -0.073637 1.129531
1.111146 -0.032629 1.129531   1.111146 -0.073637 1.129531   1.140144 -0.044640 1.129531
1.082150 -0.044640 1.129531   1.111146 -0.073637 1.129531   1.111146 -0.032629 1.129531
1.070139 -0.073637 1.129531   1.111146 -0.073637 1.129531   1.082150 -0.044640 1.129531
1.082150 -0.044640 1.129531   1.070436 -0.032926 0.753059   1.070139 -0.073637 1.129531
1.111146 -0.043343 0.398101   1.132568 -0.052216 0.734063   1.132568 -0.052216 0.398101
1.111146 -0.043343 0.734063   1.132568 -0.052216 0.734063   1.111146 -0.043343 0.398101
1.111146 -0.016062 0.753059   1.132568 -0.052216 0.734063   1.111146 -0.043343 0.734063
1.151858 -0.032926 0.753059   1.132568 -0.052216 0.734063   1.111146 -0.016062 0.753059
1.111146 -0.032629 1.129531   1.151858 -0.032926 0.753059   1.111146 -0.016062 0.753059
1.140144 -0.044640 1.129531   1.151858 -0.032926 0.753059   1.111146 -0.032629 1.129531
1.089726 -0.052216 0.398101   1.111146 -0.043343 0.734063   1.111146 -0.043343 0.398101
1.089726 -0.052216 0.734063   1.111146 -0.043343 0.734063   1.089726 -0.052216 0.398101
1.070436 -0.032926 0.753059   1.111146 -0.043343 0.734063   1.089726 -0.052216 0.734063
1.111146 -0.016062 0.753059   1.111146 -0.043343 0.734063   1.070436 -0.032926 0.753059
1.082150 -0.044640 1.129531   1.111146 -0.016062 0.753059   1.070436 -0.032926 0.753059
1.111146 -0.032629 1.129531   1.111146 -0.016062 0.753059   1.082150 -0.044640 1.129531
-2.153319 -0.083147 -0.023857   -0.918585 -0.041360 -0.907883   -0.918585 -0.103891 -0.907883
-2.153319 -0.083147 -0.023857   -2.153319 -0.062105 -0.023857   -0.918585 -0.041360 -0.907883
-2.357785 -0.053504 0.222313   -0.918585 -0.041360 -0.907883   -2.153319 -0.062105 -0.023857
-2.357785 -0.053504 0.222313   -1.010515 -0.015800 -0.395701   -0.918585 -0.041360 -0.907883
-2.456942 -0.068170 0.387576   -1.010515 -0.015800 -0.395701   -2.357785 -0.053504 0.222313
-2.456942 -0.068170 0.387576   -1.060276 -0.059385 -0.118462   -1.010515 -0.015800 -0.395701
-1.060276 -0.085867 -0.118462   -1.060276 -0.059385 -0.118462   -2.456942 -0.068170 0.387576
-0.918585 -0.103891 -0.907883   -2.357785 -0.091747 0.222313   -2.153319 -0.083147 -0.023857
-2.357785 -0.091747 0.222313   -2.153319 -0.062105 -0.023857   -2.153319 -0.083147 -0.023857
-2.357785 -0.091747 0.222313   -2.357785 -0.053504 0.222313   -2.153319 -0.062105 -0.023857
-2.456942 -0.077081 0.387576   -2.357785 -0.053504 0.222313   -2.357785 -0.091747 0.222313
-2.456942 -0.077081 0.387576   -2.456942 -0.068170 0.387576   -2.357785 -0.053504 0.222313
-1.060276 -0.085867 -0.118462   -2.456942 -0.068170 0.387576   -2.456942 -0.077081 0.387576
-1.010515 -0.129451 -0.395701   -1.060276 -0.085867 -0.118462   -2.456942 -0.077081 0.387576
-1.010515 -0.129451 -0.395701   -2.456942 -0.077081 0.387576   -2.357785 -0.091747 0.222313
-0.918585 -0.103891 -0.907883   -1.010515 -0.129451 -0.395701   -2.357785 -0.091747 0.222313
0.918585 -0.041360 -0.907883   2.153319 -0.083147 -0.023857   0.918585 -0.103891 -0.907883
2.153319 -0.062105 -0.023857   2.153319 -0.083147 -0.023857   0.918585 -0.041360 -0.907883
2.153319 -0.062105 -0.023857   2.357785 -0.091747 0.222313   2.153319 -0.083147 -0.023857
2.357785 -0.091747 0.222313   0.918585 -0.103891 -0.907883   2.153319 -0.083147 -0.023857
1.010515 -0.129451 -0.395701   0.918585 -0.103891 -0.907883   2.357785 -0.091747 0.222313
2.456943 -0.077081 0.387576   1.010515 -0.129451 -0.395701   2.357785 -0.091747 0.222313
1.060276 -0.085867 -0.118462   1.010515 -0.129451 -0.395701   2.456943 -0.077081 0.387576
2.456943 -0.068170 0.387576   1.060276 -0.085867 -0.118462   2.456943 -0.077081 0.387576
1.060276 -0.059385 -0.118462   1.060276 -0.085867 -0.118462   2.456943 -0.068170 0.387576
0.918585 -0.041360 -0.907883   2.357785 -0.053504 0.222313   2.153319 -0.062105 -0.023857
2.357785 -0.053504 0.222313   2.357785 -0.091747 0.222313   2.153319 -0.062105 -0.023857
2.357785 -0.053504 0.222313   2.456943 -0.077081 0.387576   2.357785 -0.091747 0.222313
2.456943 -0.068170 0.387576   2.456943 -0.077081 0.387576   2.357785 -0.053504 0.222313
1.010515 -0.015800 -0.395701   2.456943 -0.068170 0.387576   2.357785 -0.053504 0.222313
1.060276 -0.059385 -0.118462   2.456943 -0.068170 0.387576   1.010515 -0.015800 -0.395701
1.010515 -0.015800 -0.395701   2.357785 -0.053504 0.222313   0.918585 -0.041360 -0.907883
-0.836197 0.059907 -0.555752   -0.523788 0.097406 -0.478204   -0.495613 0.046712 -0.555752
-0.495613 0.046712 -0.555752   -0.523788 0.097406 -0.478204   -0.522188 0.077455 0.162089
-0.495613 0.046712 -0.555752   -0.522188 0.077455 0.162089   -0.495613 0.019507 0.215191
-0.347641 0.032762 -0.399970   -0.495613 0.046712 -0.555752   -0.495613 0.019507 0.215191
-0.383160 0.067937 -0.958262   -0.495613 0.046712 -0.555752   -0.347641 0.032762 -0.399970
-0.383160 0.067937 -0.958262   -0.495613 0.067937 -1.012599   -0.495613 0.046712 -0.555752
-0.495613 0.067937 -1.012599   -0.836197 0.059907 -0.555752   -0.495613 0.046712 -0.555752
-0.523788 0.097406 -0.478204   -0.803319 0.109743 0.162089   -0.522188 0.077455 0.162089
-0.495613 0.019507 0.215191   -0.522188 0.077455 0.162089   -0.803319 0.109743 0.162089
-0.495613 0.019507 0.215191   -0.803319 0.109743 0.162089   -0.836197 0.051795 0.215191
-0.836197 0.051795 0.215191   -0.248459 -0.037953 1.159002   -0.495613 0.019507 0.215191
-0.495613 0.019507 0.215191   -0.248459 -0.037953 1.159002   -0.297684 0.000744 0.385264
-0.347641 0.032762 -0.399970   -0.495613 0.019507 0.215191   -0.297684 0.000744 0.385264
-0.297684 0.000744 0.385264   0.000000 0.067937 -0.958262   -0.347641 0.032762 -0.399970
-0.347641 0.032762 -0.399970   0.000000 0.067937 -0.958262   -0.383160 0.067937 -0.958262
-0.523788 0.097406 -0.478204   -0.803319 0.117855 -0.592502   -0.803319 0.109743 0.162089
-0.836197 0.051795 0.215191   -0.803319 0.109743 0.162089   -0.803319 0.117855 -0.592502
-0.836197 0.051795 0.215191   -0.803319 0.117855 -0.592502   -0.836197 0.059907 -0.555752
-0.836197 0.059907 -0.555752   -1.006465 0.067937 0.385264   -0.836197 0.051795 0.215191
-1.006465 0.067937 0.385264   -1.009567 0.067937 0.448165   -0.836197 0.051795 0.215191
-0.836197 0.051795 0.215191   -1.009567 0.067937 0.448165   -0.248459 -0.037953 1.159002
-0.096238 -0.064561 3.207073   -0.248459 -0.037953 1.159002   -1.009567 0.067937 0.448165
-0.248459 -0.105751 1.159002   -0.248459 -0.037953 1.159002   -0.096238 -0.064561 3.207073
0.000000 -0.105751 1.159002   -0.248459 -0.037953 1.159002   -0.248459 -0.105751 1.159002
0.000000 -0.105751 1.159002   0.000000 -0.037953 1.159002   -0.248459 -0.037953 1.159002
-0.248459 -0.037953 1.159002   0.000000 -0.037953 1.159002   -0.297684 0.000744 0.385264
-0.297684 0.000744 0.385264   0.000000 -0.037953 1.159002   0.000000 0.067937 -0.958262
-0.836197 0.059907 -0.555752   -0.927241 0.067937 -1.221165   -1.006465 0.067937 0.385264
-0.927241 0.067937 -1.221165   -1.226763 -0.014616 -0.499210   -1.006465 0.067937 0.385264
-1.006465 0.067937 0.385264   -1.226763 -0.014616 -0.499210   -1.221359 -0.014616 0.450860
-1.006465 0.067937 0.385264   -1.221359 -0.014616 0.450860   -1.009567 0.067937 0.448165
-1.009567 -0.211640 0.448165   -1.009567 0.067937 0.448165   -1.221359 -0.014616 0.450860
-0.234621 -0.104842 3.027174   -1.009567 0.067937 0.448165   -1.009567 -0.211640 0.448165
-0.234621 -0.104842 3.027174   -0.234621 -0.038862 3.027174   -1.009567 0.067937 0.448165
-0.096238 -0.064561 3.207073   -1.009567 0.067937 0.448165   -0.234621 -0.038862 3.027174
-0.836197 0.067937 -1.177171   -0.927241 0.067937 -1.221165   -0.836197 0.059907 -0.555752
-0.836197 0.067937 -1.177171   -0.561736 0.067937 -1.235052   -0.927241 0.067937 -1.221165
-0.927241 -0.211640 -1.221165   -0.927241 0.067937 -1.221165   -0.561736 0.067937 -1.235052
-1.226763 -0.129087 -0.499210   -0.927241 0.067937 -1.221165   -0.927241 -0.211640 -1.221165
-1.226763 -0.129087 -0.499210   -1.226763 -0.014616 -0.499210   -0.927241 0.067937 -1.221165
-1.221359 -0.129087 0.450860   -1.226763 -0.014616 -0.499210   -1.226763 -0.129087 -0.499210
-1.221359 -0.129087 0.450860   -1.221359 -0.014616 0.450860   -1.226763 -0.014616 -0.499210
-1.009567 -0.211640 0.448165   -1.221359 -0.014616 0.450860   -1.221359 -0.129087 0.450860
-0.495613 0.067937 -1.012599   -0.836197 0.067937 -1.177171   -0.836197 0.059907 -0.555752
-0.495613 0.067937 -1.012599   -0.561736 0.067937 -1.235052   -0.836197 0.067937 -1.177171
-0.383160 0.067937 -0.958262   -0.561736 0.067937 -1.235052   -0.495613 0.067937 -1.012599
-0.561736 -0.211640 -1.235052   -0.561736 0.067937 -1.235052   -0.383160 0.067937 -0.958262
-0.927241 -0.211640 -1.221165   -0.561736 0.067937 -1.235052   -0.561736 -0.211640 -1.235052
-0.561736 -0.211640 -1.235052   -0.525226 -0.211640 -0.958262   -0.927241 -0.211640 -1.221165
-0.465323 -0.188722 -0.500006   -0.927241 -0.211640 -1.221165   -0.525226 -0.211640 -0.958262
-0.315185 -0.131280 0.648548   -0.927241 -0.211640 -1.221165   -0.465323 -0.188722 -0.500006
-0.315185 -0.131280 0.648548   -1.009567 -0.211640 0.448165   -0.927241 -0.211640 -1.221165
-1.226763 -0.129087 -0.499210   -0.927241 -0.211640 -1.221165   -1.009567 -0.211640 0.448165
-1.226763 -0.129087 -0.499210   -1.009567 -0.211640 0.448165   -1.221359 -0.129087 0.450860
-0.561736 -0.211640 -1.235052   -0.383160 0.067937 -0.958262   -0.525226 -0.211640 -0.958262
-0.525226 -0.211640 -0.958262   -0.383160 0.067937 -0.958262   0.000000 0.067937 -0.958262
-0.525226 -0.211640 -0.958262   0.000000 0.067937 -0.958262   0.000000 -0.211640 -0.958262
-0.525226 -0.211640 -0.958262   0.000000 -0.211640 -0.958262   0.000000 -0.188722 -0.500006
-0.525226 -0.211640 -0.958262   0.000000 -0.188722 -0.500006   -0.465323 -0.188722 -0.500006
0.000000 -0.188722 -0.500006   -0.323257 -0.271000 -0.085289   -0.465323 -0.188722 -0.500006
-0.465323 -0.188722 -0.500006   -0.323257 -0.271000 -0.085289   -0.219708 -0.271799 0.631231
-0.465323 -0.188722 -0.500006   -0.219708 -0.271799 0.631231   -0.315185 -0.131280 0.648548
0.000000 0.067937 -0.958262   0.525226 -0.211640 -0.958262   0.000000 -0.211640 -0.958262
0.000000 -0.211640 -0.958262   0.525226 -0.211640 -0.958262   0.000000 -0.188722 -0.500006
0.000000 -0.188722 -0.500006   0.525226 -0.211640 -0.958262   0.465323 -0.188722 -0.500006
0.323257 -0.271000 -0.085289   0.000000 -0.188722 -0.500006   0.465323 -0.188722 -0.500006
0.000000 -0.271000 -0.085289   0.000000 -0.188722 -0.500006   0.323257 -0.271000 -0.085289
0.000000 -0.188722 -0.500006   0.000000 -0.271000 -0.085289   -0.323257 -0.271000 -0.085289
-0.323257 -0.271000 -0.085289   0.000000 -0.271000 -0.085289   0.000000 -0.271799 0.631231
-0.323257 -0.271000 -0.085289   0.000000 -0.271799 0.631231   -0.219708 -0.271799 0.631231
-0.315185 -0.131280 0.648548   -0.219708 -0.271799 0.631231   0.000000 -0.271799 0.631231
0.383160 0.067937 -0.958262   0.525226 -0.211640 -0.958262   0.000000 0.067937 -0.958262
0.383160 0.067937 -0.958262   0.561736 -0.211640 -1.235052   0.525226 -0.211640 -0.958262
0.525226 -0.211640 -0.958262   0.561736 -0.211640 -1.235052   0.927241 -0.211640 -1.221165
0.927241 -0.211640 -1.221165   0.465323 -0.188722 -0.500006   0.525226 -0.211640 -0.958262
0.927241 -0.211640 -1.221165   0.315185 -0.131280 0.648548   0.465323 -0.188722 -0.500006
0.219708 -0.271799 0.631231   0.465323 -0.188722 -0.500006   0.315185 -0.131280 0.648548
0.323257 -0.271000 -0.085289   0.465323 -0.188722 -0.500006   0.219708 -0.271799 0.631231
0.000000 -0.271799 0.631231   0.323257 -0.271000 -0.085289   0.219708 -0.271799 0.631231
0.000000 -0.271000 -0.085289   0.323257 -0.271000 -0.085289   0.000000 -0.271799 0.631231
0.000000 0.067937 -0.958262   0.347641 0.032762 -0.399970   0.383160 0.067937 -0.958262
0.495613 0.046712 -0.555752   0.383160 0.067937 -0.958262   0.347641 0.032762 -0.399970
0.495613 0.067937 -1.012599   0.383160 0.067937 -0.958262   0.495613 0.046712 -0.555752
0.561736 0.067937 -1.235052   0.383160 0.067937 -0.958262   0.495613 0.067937 -1.012599
0.561736 0.067937 -1.235052   0.561736 -0.211640 -1.235052   0.383160 0.067937 -0.958262
0.561736 0.067937 -1.235052   0.927241 -0.211640 -1.221165   0.561736 -0.211640 -1.235052
0.000000 0.067937 -0.958262   0.297684 0.000744 0.385264   0.347641 0.032762 -0.399970
0.495613 0.019507 0.215191   0.347641 0.032762 -0.399970   0.297684 0.000744 0.385264
0.495613 0.046712 -0.555752   0.347641 0.032762 -0.399970   0.495613 0.019507 0.215191
0.522188 0.077455 0.162089   0.495613 0.046712 -0.555752   0.495613 0.019507 0.215191
0.523788 0.097406 -0.478204   0.495613 0.046712 -0.555752   0.522188 0.077455 0.162089
0.523788 0.097406 -0.478204   0.836197 0.059907 -0.555752   0.495613 0.046712 -0.555752
0.836197 0.059907 -0.555752   0.495613 0.067937 -1.012599   0.495613 0.046712 -0.555752
0.836197 0.067937 -1.177171   0.495613 0.067937 -1.012599   0.836197 0.059907 -0.555752
0.561736 0.067937 -1.235052   0.495613 0.067937 -1.012599   0.836197 0.067937 -1.177171
0.000000 -0.037953 1.159002   0.297684 0.000744 0.385264   0.000000 0.067937 -0.958262
0.000000 -0.037953 1.159002   0.248459 -0.037953 1.159002   0.297684 0.000744 0.385264
0.248459 -0.037953 1.159002   0.495613 0.019507 0.215191   0.297684 0.000744 0.385264
0.248459 -0.037953 1.159002   0.836197 0.051795 0.215191   0.495613 0.019507 0.215191
0.803319 0.109743 0.162089   0.495613 0.019507 0.215191   0.836197 0.051795 0.215191
0.522188 0.077455 0.162089   0.495613 0.019507 0.215191   0.803319 0.109743 0.162089
0.803319 0.109743 0.162089   0.523788 0.097406 -0.478204   0.522188 0.077455 0.162089
0.803319 0.117855 -0.592502   0.523788 0.097406 -0.478204   0.803319 0.109743 0.162089
0.803319 0.109743 0.162089   0.836197 0.051795 0.215191   0.803319 0.117855 -0.592502
0.803319 0.117855 -0.592502   0.836197 0.051795 0.215191   0.836197 0.059907 -0.555752
1.006465 0.067937 0.385264   0.836197 0.059907 -0.555752   0.836197 0.051795 0.215191
0.927241 0.067937 -1.221165   0.836197 0.059907 -0.555752   1.006465 0.067937 0.385264
0.927241 0.067937 -1.221165   0.836197 0.067937 -1.177171   0.836197 0.059907 -0.555752
0.561736 0.067937 -1.235052   0.836197 0.067937 -1.177171   0.927241 0.067937 -1.221165
0.000000 -0.037953 1.159002   0.000000 -0.105751 1.159002   0.248459 -0.037953 1.159002
0.248459 -0.037953 1.159002   0.000000 -0.105751 1.159002   0.248459 -0.105751 1.159002
0.248459 -0.037953 1.159002   0.248459 -0.105751 1.159002   0.096238 -0.064561 3.207073
0.248459 -0.037953 1.159002   0.096238 -0.064561 3.207073   1.009567 0.067937 0.448165
1.009567 0.067937 0.448165   0.836197 0.051795 0.215191   0.248459 -0.037953 1.159002
1.009567 0.067937 0.448165   1.006465 0.067937 0.385264   0.836197 0.051795 0.215191
1.221359 -0.014616 0.450860   1.006465 0.067937 0.385264   1.009567 0.067937 0.448165
1.226763 -0.014616 -0.499210   1.006465 0.067937 0.385264   1.221359 -0.014616 0.450860
1.226763 -0.014616 -0.499210   0.927241 0.067937 -1.221165   1.006465 0.067937 0.385264
0.000000 -0.105751 1.159002   0.315185 -0.131280 0.648548   0.248459 -0.105751 1.159002
1.009567 -0.211640 0.448165   0.248459 -0.105751 1.159002   0.315185 -0.131280 0.648548
0.248459 -0.105751 1.159002   1.009567 -0.211640 0.448165   0.096238 -0.079143 3.207073
0.096238 -0.064561 3.207073   0.248459 -0.105751 1.159002   0.096238 -0.079143 3.207073
0.096238 -0.064561 3.207073   0.096238 -0.079143 3.207073   0.234621 -0.038862 3.027174
1.009567 0.067937 0.448165   0.096238 -0.064561 3.207073   0.234621 -0.038862 3.027174
0.234621 -0.038862 3.027174   0.234621 -0.104842 3.027174   1.009567 0.067937 0.448165
1.009567 0.067937 0.448165   0.234621 -0.104842 3.027174   1.009567 -0.211640 0.448165
1.009567 0.067937 0.448165   1.009567 -0.211640 0.448165   1.221359 -0.014616 0.450860
1.221359 -0.014616 0.450860   1.009567 -0.211640 0.448165   1.221359 -0.129087 0.450860
1.221359 -0.014616 0.450860   1.221359 -0.129087 0.450860   1.226763 -0.014616 -0.499210
0.000000 -0.131280 0.648548   0.315185 -0.131280 0.648548   0.000000 -0.105751 1.159002
0.000000 -0.271799 0.631231   0.315185 -0.131280 0.648548   0.000000 -0.131280 0.648548
0.219708 -0.271799 0.631231   0.315185 -0.131280 0.648548   0.000000 -0.271799 0.631231
-0.315185 -0.131280 0.648548   0.000000 -0.131280 0.648548   0.000000 -0.105751 1.159002
-0.315185 -0.131280 0.648548   0.000000 -0.271799 0.631231   0.000000 -0.131280 0.648548
-0.315185 -0.131280 0.648548   0.000000 -0.105751 1.159002   -0.248459 -0.105751 1.159002
-0.248459 -0.105751 1.159002   -1.009567 -0.211640 0.448165   -0.315185 -0.131280 0.648548
-1.009567 -0.211640 0.448165   -0.248459 -0.105751 1.159002   -0.096238 -0.079143 3.207073
-1.009567 -0.211640 0.448165   -0.096238 -0.079143 3.207073   -0.234621 -0.104842 3.027174
-0.096238 -0.079143 3.207073   -0.234621 -0.038862 3.027174   -0.234621 -0.104842 3.027174
-0.096238 -0.079143 3.207073   -0.096238 -0.064561 3.207073   -0.234621 -0.038862 3.027174
-0.248459 -0.105751 1.159002   -0.096238 -0.064561 3.207073   -0.096238 -0.079143 3.207073
0.096238 -0.079143 3.207073   1.009567 -0.211640 0.448165   0.234621 -0.104842 3.027174
0.234621 -0.038862 3.027174   0.096238 -0.079143 3.207073   0.234621 -0.104842 3.027174
1.009567 -0.211640 0.448165   0.315185 -0.131280 0.648548   0.927241 -0.211640 -1.221165
0.927241 -0.211640 -1.221165   1.226763 -0.129087 -0.499210   1.009567 -0.211640 0.448165
1.009567 -0.211640 0.448165   1.226763 -0.129087 -0.499210   1.221359 -0.129087 0.450860
1.226763 -0.014616 -0.499210   1.221359 -0.129087 0.450860   1.226763 -0.129087 -0.499210
1.226763 -0.014616 -0.499210   1.226763 -0.129087 -0.499210   0.927241 0.067937 -1.221165
0.927241 0.067937 -1.221165   1.226763 -0.129087 -0.499210   0.927241 -0.211640 -1.221165
0.927241 0.067937 -1.221165   0.927241 -0.211640 -1.221165   0.561736 0.067937 -1.235052
-0.769763 -0.289015 -1.624159   -0.769763 -0.289015 -1.577284   -0.660879 -0.259840 -1.577284
-0.878646 -0.259840 -1.624159   -0.769763 -0.289015 -1.577284   -0.769763 -0.289015 -1.624159
-0.878646 -0.259840 -1.624159   -0.878646 -0.259840 -1.577284   -0.769763 -0.289015 -1.577284
-0.769763 -0.289015 -1.577284   -0.878646 -0.259840 -1.577284   -0.769763 -0.071248 -1.577284
-0.660879 -0.259840 -1.577284   -0.769763 -0.289015 -1.577284   -0.769763 -0.071248 -1.577284
-0.581171 -0.180132 -1.577284   -0.660879 -0.259840 -1.577284   -0.769763 -0.071248 -1.577284
-0.660879 -0.259840 -1.624159   -0.660879 -0.259840 -1.577284   -0.581171 -0.180132 -1.577284
-0.769763 -0.289015 -1.624159   -0.660879 -0.259840 -1.577284   -0.660879 -0.259840 -1.624159
-0.769763 -0.331074 -1.624159   -0.769763 -0.289015 -1.624159   -0.660879 -0.259840 -1.624159
-0.899675 -0.296264 -1.624159   -0.769763 -0.289015 -1.624159   -0.769763 -0.331074 -1.624159
-0.899675 -0.296264 -1.624159   -0.878646 -0.259840 -1.624159   -0.769763 -0.289015 -1.624159
-0.994778 -0.201161 -1.624159   -0.878646 -0.259840 -1.624159   -0.899675 -0.296264 -1.624159
-0.994778 -0.201161 -1.624159   -0.958354 -0.180132 -1.624159   -0.878646 -0.259840 -1.624159
-0.958354 -0.180132 -1.624159   -0.878646 -0.259840 -1.577284   -0.878646 -0.259840 -1.624159
-0.958354 -0.180132 -1.624159   -0.958354 -0.180132 -1.577284   -0.878646 -0.259840 -1.577284
-0.878646 -0.259840 -1.577284   -0.958354 -0.180132 -1.577284   -0.769763 -0.071248 -1.577284
-0.769763 -0.331074 -1.624159   -0.660879 -0.259840 -1.624159   -0.639850 -0.296264 -1.624159
-0.639850 -0.296264 -1.467541   -0.769763 -0.331074 -1.624159   -0.639850 -0.296264 -1.624159
-0.639850 -0.296264 -1.467541   -0.769763 -0.331074 -1.467541   -0.769763 -0.331074 -1.624159
-0.769763 -0.331074 -1.467541   -0.899675 -0.296264 -1.624159   -0.769763 -0.331074 -1.624159
-0.769763 -0.331074 -1.467541   -0.899675 -0.296264 -1.467541   -0.899675 -0.296264 -1.624159
-0.899675 -0.296264 -1.467541   -0.950246 -0.310552 -1.706713   -0.899675 -0.296264 -1.624159
-0.899675 -0.296264 -1.624159   -0.950246 -0.310552 -1.706713   -1.009067 -0.251732 -1.706713
-0.899675 -0.296264 -1.624159   -1.009067 -0.251732 -1.706713   -0.994778 -0.201161 -1.624159
-0.639850 -0.296264 -1.624159   -0.660879 -0.259840 -1.624159   -0.581171 -0.180132 -1.624159
-0.639850 -0.296264 -1.624159   -0.581171 -0.180132 -1.624159   -0.544748 -0.201161 -1.624159
-0.544748 -0.201161 -1.624159   -0.589279 -0.310552 -1.706713   -0.639850 -0.296264 -1.624159
-0.639850 -0.296264 -1.624159   -0.589279 -0.310552 -1.706713   -0.589279 -0.310552 -1.600002
-0.639850 -0.296264 -1.624159   -0.589279 -0.310552 -1.600002   -0.639850 -0.296264 -1.467541
-0.660879 -0.259840 -1.624159   -0.581171 -0.180132 -1.577284   -0.581171 -0.180132 -1.624159
-0.581171 -0.180132 -1.624159   -0.581171 -0.180132 -1.577284   -0.551996 -0.071249 -1.577284
-0.581171 -0.180132 -1.624159   -0.551996 -0.071249 -1.577284   -0.551996 -0.071249 -1.624159
-0.544748 -0.201161 -1.624159   -0.581171 -0.180132 -1.624159   -0.551996 -0.071249 -1.624159
-0.544748 -0.201161 -1.624159   -0.551996 -0.071249 -1.624159   -0.509938 -0.071249 -1.624159
-0.509938 -0.071249 -1.467541   -0.544748 -0.201161 -1.624159   -0.509938 -0.071249 -1.624159
-0.509938 -0.071249 -1.467541   -0.544748 -0.201161 -1.467541   -0.544748 -0.201161 -1.624159
-0.544748 -0.201161 -1.467541   -0.530459 -0.251732 -1.706713   -0.544748 -0.201161 -1.624159
-0.544748 -0.201161 -1.624159   -0.530459 -0.251732 -1.706713   -0.589279 -0.310552 -1.706713
-0.551996 -0.071249 -1.577284   -0.581171 -0.180132 -1.577284   -0.769763 -0.071248 -1.577284
-0.581171 0.037635 -1.577284   -0.551996 -0.071249 -1.577284   -0.769763 -0.071248 -1.577284
-0.551996 -0.071249 -1.624159   -0.551996 -0.071249 -1.577284   -0.581171 0.037635 -1.577284
-0.551996 -0.071249 -1.624159   -0.581171 0.037635 -1.577284   -0.581171 0.037635 -1.624159
-0.509938 -0.071249 -1.624159   -0.551996 -0.071249 -1.624159   -0.581171 0.037635 -1.624159
-0.509938 -0.071249 -1.624159   -0.581171 0.037635 -1.624159   -0.544748 0.058664 -1.624159
-0.544748 0.058664 -1.467541   -0.509938 -0.071249 -1.624159   -0.544748 0.058664 -1.624159
-0.544748 0.058664 -1.467541   -0.509938 -0.071249 -1.467541   -0.509938 -0.071249 -1.624159
-0.544748 0.058664 -1.467541   -0.545543 -0.071249 -1.467541   -0.509938 -0.071249 -1.467541
-0.509938 -0.071249 -1.467541   -0.545543 -0.071249 -1.467541   -0.575583 -0.183358 -1.467541
-0.509938 -0.071249 -1.467541   -0.575583 -0.183358 -1.467541   -0.544748 -0.201161 -1.467541
-0.660879 0.117343 -1.577284   -0.581171 0.037635 -1.577284   -0.769763 -0.071248 -1.577284
-0.581171 0.037635 -1.624159   -0.581171 0.037635 -1.577284   -0.660879 0.117343 -1.577284
-0.581171 0.037635 -1.624159   -0.660879 0.117343 -1.577284   -0.660879 0.117343 -1.624159
-0.544748 0.058664 -1.624159   -0.581171 0.037635 -1.624159   -0.660879 0.117343 -1.624159
-0.544748 0.058664 -1.624159   -0.660879 0.117343 -1.624159   -0.639850 0.153766 -1.624159
-0.639850 0.153766 -1.624159   -0.530459 0.109235 -1.706713   -0.544748 0.058664 -1.624159
-0.544748 0.058664 -1.624159   -0.530459 0.109235 -1.706713   -0.530459 0.109235 -1.600002
-0.544748 0.058664 -1.624159   -0.530459 0.109235 -1.600002   -0.544748 0.058664 -1.467541
-0.769763 0.146518 -1.577284   -0.660879 0.117343 -1.577284   -0.769763 -0.071248 -1.577284
-0.660879 0.117343 -1.624159   -0.660879 0.117343 -1.577284   -0.769763 0.146518 -1.577284
-0.660879 0.117343 -1.624159   -0.769763 0.146518 -1.577284   -0.769763 0.146518 -1.624159
-0.639850 0.153766 -1.624159   -0.660879 0.117343 -1.624159   -0.769763 0.146518 -1.624159
-0.639850 0.153766 -1.624159   -0.769763 0.146518 -1.624159   -0.769763 0.188577 -1.624159
-0.769763 0.188577 -1.467541   -0.639850 0.153766 -1.624159   -0.769763 0.188577 -1.624159
-0.769763 0.188577 -1.467541   -0.639850 0.153766 -1.467541   -0.639850 0.153766 -1.624159
-0.639850 0.153766 -1.467541   -0.589279 0.168055 -1.706713   -0.639850 0.153766 -1.624159
-0.639850 0.153766 -1.624159   -0.589279 0.168055 -1.706713   -0.530459 0.109235 -1.706713
-0.878646 0.117343 -1.577284   -0.769763 0.146518 -1.577284   -0.769763 -0.071248 -1.577284
-0.769763 0.146518 -1.624159   -0.769763 0.146518 -1.577284   -0.878646 0.117343 -1.577284
-0.769763 0.146518 -1.624159   -0.878646 0.117343 -1.577284   -0.878646 0.117343 -1.624159
-0.769763 0.188577 -1.624159   -0.769763 0.146518 -1.624159   -0.878646 0.117343 -1.624159
-0.769763 0.188577 -1.624159   -0.878646 0.117343 -1.624159   -0.899675 0.153766 -1.624159
-0.899675 0.153766 -1.467541   -0.769763 0.188577 -1.624159   -0.899675 0.153766 -1.624159
-0.899675 0.153766 -1.467541   -0.769763 0.188577 -1.467541   -0.769763 0.188577 -1.624159
-0.899675 0.153766 -1.467541   -0.769763 0.152971 -1.467541   -0.769763 0.188577 -1.467541
-0.769763 0.188577 -1.467541   -0.769763 0.152971 -1.467541   -0.657653 0.122931 -1.467541
-0.769763 0.188577 -1.467541   -0.657653 0.122931 -1.467541   -0.639850 0.153766 -1.467541
-0.958354 0.037635 -1.577284   -0.878646 0.117343 -1.577284   -0.769763 -0.071248 -1.577284
-0.878646 0.117343 -1.624159   -0.878646 0.117343 -1.577284   -0.958354 0.037635 -1.577284
-0.878646 0.117343 -1.624159   -0.958354 0.037635 -1.577284   -0.958354 0.037635 -1.624159
-0.899675 0.153766 -1.624159   -0.878646 0.117343 -1.624159   -0.958354 0.037635 -1.624159
-0.899675 0.153766 -1.624159   -0.958354 0.037635 -1.624159   -0.994778 0.058664 -1.624159
-0.994778 0.058664 -1.624159   -0.950246 0.168055 -1.706713   -0.899675 0.153766 -1.624159
-0.899675 0.153766 -1.624159   -0.950246 0.168055 -1.706713   -0.950246 0.168055 -1.600002
-0.899675 0.153766 -1.624159   -0.950246 0.168055 -1.600002   -0.899675 0.153766 -1.467541
-0.987530 -0.071248 -1.577284   -0.958354 0.037635 -1.577284   -0.769763 -0.071248 -1.577284
-0.958354 0.037635 -1.624159   -0.958354 0.037635 -1.577284   -0.987530 -0.071248 -1.577284
-0.958354 0.037635 -1.624159   -0.987530 -0.071248 -1.577284   -0.987530 -0.071248 -1.624159
-0.994778 0.058664 -1.624159   -0.958354 0.037635 -1.624159   -0.987530 -0.071248 -1.624159
-0.994778 0.058664 -1.624159   -0.987530 -0.071248 -1.624159   -1.029588 -0.071248 -1.624159
-1.029588 -0.071248 -1.467541   -0.994778 0.058664 -1.624159   -1.029588 -0.071248 -1.624159
-1.029588 -0.071248 -1.467541   -0.994778 0.058664 -1.467541   -0.994778 0.058664 -1.624159
-0.994778 0.058664 -1.467541   -1.009067 0.109235 -1.706713   -0.994778 0.058664 -1.624159
-0.994778 0.058664 -1.624159   -1.009067 0.109235 -1.706713   -0.950246 0.168055 -1.706713
-0.958354 -0.180132 -1.577284   -0.987530 -0.071248 -1.577284   -0.769763 -0.071248 -1.577284
-0.987530 -0.071248 -1.624159   -0.987530 -0.071248 -1.577284   -0.958354 -0.180132 -1.577284
-0.987530 -0.071248 -1.624159   -0.958354 -0.180132 -1.577284   -0.958354 -0.180132 -1.624159
-1.029588 -0.071248 -1.624159   -0.987530 -0.071248 -1.624159   -0.958354 -0.180132 -1.624159
-1.029588 -0.071248 -1.624159   -0.958354 -0.180132 -1.624159   -0.994778 -0.201161 -1.624159
-0.994778 -0.201161 -1.467541   -1.029588 -0.071248 -1.624159   -0.994778 -0.201161 -1.624159
-0.994778 -0.201161 -1.467541   -1.029588 -0.071248 -1.467541   -1.029588 -0.071248 -1.624159
-0.994778 -0.201161 -1.467541   -0.993982 -0.071248 -1.467541   -1.029588 -0.071248 -1.467541
-1.029588 -0.071248 -1.467541   -0.993982 -0.071248 -1.467541   -0.963943 0.040861 -1.467541
-1.029588 -0.071248 -1.467541   -0.963943 0.040861 -1.467541   -0.994778 0.058664 -1.467541
-0.994778 0.058664 -1.467541   -0.963943 0.040861 -1.467541   -0.881872 0.122931 -1.467541
-0.994778 0.058664 -1.467541   -0.881872 0.122931 -1.467541   -0.899675 0.153766 -1.467541
-0.899675 0.153766 -1.467541   -1.009067 0.109235 -1.600002   -0.994778 0.058664 -1.467541
-0.994778 0.058664 -1.467541   -1.009067 0.109235 -1.600002   -1.009067 0.109235 -1.706713
-1.009067 0.109235 -1.600002   -0.950246 0.168055 -1.706713   -1.009067 0.109235 -1.706713
-0.994778 -0.201161 -1.624159   -1.009067 -0.251732 -1.600002   -0.994778 -0.201161 -1.467541
-0.994778 -0.201161 -1.467541   -1.009067 -0.251732 -1.600002   -0.950246 -0.310552 -1.600002
-0.994778 -0.201161 -1.467541   -0.950246 -0.310552 -1.600002   -0.899675 -0.296264 -1.467541
-0.899675 -0.296264 -1.467541   -0.963943 -0.183358 -1.467541   -0.994778 -0.201161 -1.467541
-0.994778 -0.201161 -1.467541   -0.963943 -0.183358 -1.467541   -0.993982 -0.071248 -1.467541
-0.963943 -0.183358 -1.384886   -0.993982 -0.071248 -1.467541   -0.963943 -0.183358 -1.467541
-0.963943 -0.183358 -1.384886   -0.993982 -0.071248 -1.384886   -0.993982 -0.071248 -1.467541
-0.993982 -0.071248 -1.384886   -0.963943 0.040861 -1.467541   -0.993982 -0.071248 -1.467541
-0.994778 -0.201161 -1.624159   -1.009067 -0.251732 -1.706713   -1.009067 -0.251732 -1.600002
-0.950246 -0.310552 -1.600002   -1.009067 -0.251732 -1.600002   -1.009067 -0.251732 -1.706713
-0.950246 -0.310552 -1.600002   -1.009067 -0.251732 -1.706713   -0.950246 -0.310552 -1.706713
-0.899675 -0.296264 -1.467541   -0.950246 -0.310552 -1.600002   -0.950246 -0.310552 -1.706713
-1.009067 0.109235 -1.600002   -0.950246 0.168055 -1.600002   -0.950246 0.168055 -1.706713
-0.899675 0.153766 -1.467541   -0.950246 0.168055 -1.600002   -1.009067 0.109235 -1.600002
-0.899675 0.153766 -1.467541   -0.881872 0.122931 -1.467541   -0.769763 0.152971 -1.467541
-0.881872 0.122931 -1.384886   -0.769763 0.152971 -1.467541   -0.881872 0.122931 -1.467541
-0.881872 0.122931 -1.384886   -0.769763 0.152971 -1.384886   -0.769763 0.152971 -1.467541
-0.769763 0.152971 -1.384886   -0.657653 0.122931 -1.467541   -0.769763 0.152971 -1.467541
-0.769763 0.152971 -1.384886   -0.657653 0.122931 -1.384886   -0.657653 0.122931 -1.467541
-0.657653 0.122931 -1.384886   -0.575583 0.040861 -1.467541   -0.657653 0.122931 -1.467541
-0.639850 0.153766 -1.467541   -0.657653 0.122931 -1.467541   -0.575583 0.040861 -1.467541
-0.963943 0.040861 -1.384886   -0.881872 0.122931 -1.384886   -0.881872 0.122931 -1.467541
-0.899675 0.153766 -1.384886   -0.881872 0.122931 -1.384886   -0.963943 0.040861 -1.384886
-0.769763 0.188577 -1.384886   -0.881872 0.122931 -1.384886   -0.899675 0.153766 -1.384886
-0.769763 0.188577 -1.384886   -0.769763 0.152971 -1.384886   -0.881872 0.122931 -1.384886
-0.639850 0.153766 -1.384886   -0.769763 0.152971 -1.384886   -0.769763 0.188577 -1.384886
-0.639850 0.153766 -1.384886   -0.657653 0.122931 -1.384886   -0.769763 0.152971 -1.384886
-0.544748 0.058664 -1.384886   -0.657653 0.122931 -1.384886   -0.639850 0.153766 -1.384886
-0.544748 0.058664 -1.384886   -0.575583 0.040861 -1.384886   -0.657653 0.122931 -1.384886
-0.657653 0.122931 -1.384886   -0.575583 0.040861 -1.384886   -0.575583 0.040861 -1.467541
-0.963943 0.040861 -1.384886   -0.881872 0.122931 -1.467541   -0.963943 0.040861 -1.467541
-0.993982 -0.071248 -1.384886   -0.963943 0.040861 -1.384886   -0.963943 0.040861 -1.467541
-0.994778 0.058664 -1.384886   -0.963943 0.040861 -1.384886   -0.993982 -0.071248 -1.384886
-0.899675 0.153766 -1.384886   -0.963943 0.040861 -1.384886   -0.994778 0.058664 -1.384886
-0.994778 0.058664 -0.714954   -0.899675 0.153766 -1.384886   -0.994778 0.058664 -1.384886
-0.994778 0.058664 -0.714954   -0.899675 0.153766 -0.714954   -0.899675 0.153766 -1.384886
-0.899675 0.153766 -0.714954   -0.769763 0.188577 -1.384886   -0.899675 0.153766 -1.384886
-0.899675 0.153766 -0.714954   -0.769763 0.188576 -0.714954   -0.769763 0.188577 -1.384886
-0.769763 0.188576 -0.714954   -0.639850 0.153766 -1.384886   -0.769763 0.188577 -1.384886
-0.769763 0.188576 -0.714954   -0.639850 0.153766 -0.714954   -0.639850 0.153766 -1.384886
-0.639850 0.153766 -0.714954   -0.544748 0.058664 -1.384886   -0.639850 0.153766 -1.384886
-0.994778 0.058664 -1.384886   -0.993982 -0.071248 -1.384886   -1.029588 -0.071248 -1.384886
-1.029588 -0.071249 -0.714954   -0.994778 0.058664 -1.384886   -1.029588 -0.071248 -1.384886
-1.029588 -0.071249 -0.714954   -0.994778 0.058664 -0.714954   -0.994778 0.058664 -1.384886
-1.029588 -0.071249 -0.714954   -0.758103 0.029629 -0.392296   -0.994778 0.058664 -0.714954
-0.994778 0.058664 -0.714954   -0.758103 0.029629 -0.392296   -0.700149 0.103476 -0.438065
-0.994778 0.058664 -0.714954   -0.700149 0.103476 -0.438065   -0.899675 0.153766 -0.714954
-0.899675 0.153766 -0.714954   -0.700149 0.103476 -0.438065   -0.620984 0.130506 -0.500586
-0.899675 0.153766 -0.714954   -0.620984 0.130506 -0.500586   -0.769763 0.188576 -0.714954
-0.769763 0.188576 -0.714954   -0.620984 0.130506 -0.500586   -0.541817 0.103476 -0.563108
-0.769763 0.188576 -0.714954   -0.541817 0.103476 -0.563108   -0.639850 0.153766 -0.714954
-1.029588 -0.071248 -1.384886   -0.993982 -0.071248 -1.384886   -0.963943 -0.183358 -1.384886
-1.029588 -0.071248 -1.384886   -0.963943 -0.183358 -1.384886   -0.994778 -0.201161 -1.384886
-0.994778 -0.201161 -0.714954   -1.029588 -0.071248 -1.384886   -0.994778 -0.201161 -1.384886
-0.994778 -0.201161 -0.714954   -1.029588 -0.071249 -0.714954   -1.029588 -0.071248 -1.384886
-0.994778 -0.201161 -0.714954   -0.779315 -0.071249 -0.375543   -1.029588 -0.071249 -0.714954
-1.029588 -0.071249 -0.714954   -0.779315 -0.071249 -0.375543   -0.758103 0.029629 -0.392296
-0.779315 -0.071249 -0.375543   -0.289498 -0.000434 -0.165628   -0.758103 0.029629 -0.392296
-0.758103 0.029629 -0.392296   -0.289498 -0.000434 -0.165628   -0.289580 0.048194 -0.225220
-0.758103 0.029629 -0.392296   -0.289580 0.048194 -0.225220   -0.700149 0.103476 -0.438065
-0.700149 0.103476 -0.438065   -0.289580 0.048194 -0.225220   -0.289691 0.065994 -0.306623
-0.700149 0.103476 -0.438065   -0.289691 0.065994 -0.306623   -0.620984 0.130506 -0.500586
-0.994778 -0.201161 -1.384886   -0.963943 -0.183358 -1.384886   -0.881872 -0.265428 -1.384886
-0.994778 -0.201161 -1.384886   -0.881872 -0.265428 -1.384886   -0.899675 -0.296264 -1.384886
-0.899675 -0.296264 -0.714954   -0.994778 -0.201161 -1.384886   -0.899675 -0.296264 -1.384886
-0.899675 -0.296264 -0.714954   -0.994778 -0.201161 -0.714954   -0.994778 -0.201161 -1.384886
-0.899675 -0.296264 -0.714954   -0.758103 -0.172126 -0.392296   -0.994778 -0.201161 -0.714954
-0.994778 -0.201161 -0.714954   -0.758103 -0.172126 -0.392296   -0.779315 -0.071249 -0.375543
-0.758103 -0.172126 -0.392296   -0.289468 -0.066861 -0.143816   -0.779315 -0.071249 -0.375543
-0.779315 -0.071249 -0.375543   -0.289468 -0.066861 -0.143816   -0.289498 -0.000434 -0.165628
-0.357720 -0.066861 -0.306623   -0.289498 -0.000434 -0.165628   -0.289468 -0.066861 -0.143816
-0.357720 -0.066861 -0.306623   -0.289580 0.048194 -0.225220   -0.289498 -0.000434 -0.165628
-0.357720 -0.066861 -0.306623   -0.289691 0.065994 -0.306623   -0.289580 0.048194 -0.225220
-0.881872 -0.265428 -1.384886   -0.963943 -0.183358 -1.384886   -0.963943 -0.183358 -1.467541
-0.881872 -0.265428 -1.384886   -0.963943 -0.183358 -1.467541   -0.881872 -0.265428 -1.467541
-0.769763 -0.295468 -1.384886   -0.881872 -0.265428 -1.384886   -0.881872 -0.265428 -1.467541
-0.899675 -0.296264 -1.384886   -0.881872 -0.265428 -1.384886   -0.769763 -0.295468 -1.384886
-0.899675 -0.296264 -1.384886   -0.769763 -0.295468 -1.384886   -0.769763 -0.331074 -1.384886
-0.769763 -0.331074 -0.714954   -0.899675 -0.296264 -1.384886   -0.769763 -0.331074 -1.384886
-0.769763 -0.331074 -0.714954   -0.899675 -0.296264 -0.714954   -0.899675 -0.296264 -1.384886
-0.769763 -0.331074 -0.714954   -0.700149 -0.245973 -0.438065   -0.899675 -0.296264 -0.714954
-0.899675 -0.296264 -0.714954   -0.700149 -0.245973 -0.438065   -0.758103 -0.172126 -0.392296
-0.700149 -0.245973 -0.438065   -0.357527 -0.133289 -0.165628   -0.758103 -0.172126 -0.392296
-0.758103 -0.172126 -0.392296   -0.357527 -0.133289 -0.165628   -0.289468 -0.066861 -0.143816
-0.357720 -0.066861 -0.306623   -0.289468 -0.066861 -0.143816   -0.357527 -0.133289 -0.165628
-0.899675 -0.296264 -1.467541   -0.881872 -0.265428 -1.467541   -0.963943 -0.183358 -1.467541
-0.769763 -0.331074 -1.467541   -0.881872 -0.265428 -1.467541   -0.899675 -0.296264 -1.467541
-0.769763 -0.331074 -1.467541   -0.769763 -0.295468 -1.467541   -0.881872 -0.265428 -1.467541
-0.769763 -0.295468 -1.384886   -0.881872 -0.265428 -1.467541   -0.769763 -0.295468 -1.467541
-0.657653 -0.265428 -1.384886   -0.769763 -0.295468 -1.384886   -0.769763 -0.295468 -1.467541
-0.769763 -0.331074 -1.384886   -0.769763 -0.295468 -1.384886   -0.657653 -0.265428 -1.384886
-0.769763 -0.331074 -1.384886   -0.657653 -0.265428 -1.384886   -0.639850 -0.296264 -1.384886
-0.639850 -0.296264 -0.714954   -0.769763 -0.331074 -1.384886   -0.639850 -0.296264 -1.384886
-0.639850 -0.296264 -0.714954   -0.769763 -0.331074 -0.714954   -0.769763 -0.331074 -1.384886
-0.639850 -0.296264 -0.714954   -0.620984 -0.273003 -0.500586   -0.769763 -0.331074 -0.714954
-0.769763 -0.331074 -0.714954   -0.620984 -0.273003 -0.500586   -0.700149 -0.245973 -0.438065
-0.620984 -0.273003 -0.500586   -0.357609 -0.181917 -0.225220   -0.700149 -0.245973 -0.438065
-0.700149 -0.245973 -0.438065   -0.357609 -0.181917 -0.225220   -0.357527 -0.133289 -0.165628
-0.357720 -0.066861 -0.306623   -0.357527 -0.133289 -0.165628   -0.357609 -0.181917 -0.225220
-0.639850 -0.296264 -1.467541   -0.769763 -0.295468 -1.467541   -0.769763 -0.331074 -1.467541
-0.639850 -0.296264 -1.467541   -0.657653 -0.265428 -1.467541   -0.769763 -0.295468 -1.467541
-0.657653 -0.265428 -1.384886   -0.769763 -0.295468 -1.467541   -0.657653 -0.265428 -1.467541
-0.575583 -0.183358 -1.384886   -0.657653 -0.265428 -1.384886   -0.657653 -0.265428 -1.467541
-0.639850 -0.296264 -1.384886   -0.657653 -0.265428 -1.384886   -0.575583 -0.183358 -1.384886
-0.639850 -0.296264 -1.384886   -0.575583 -0.183358 -1.384886   -0.544748 -0.201161 -1.384886
-0.544748 -0.201161 -0.714954   -0.639850 -0.296264 -1.384886   -0.544748 -0.201161 -1.384886
-0.544748 -0.201161 -0.714954   -0.639850 -0.296264 -0.714954   -0.639850 -0.296264 -1.384886
-0.544748 -0.201161 -0.714954   -0.541817 -0.245973 -0.563108   -0.639850 -0.296264 -0.714954
-0.639850 -0.296264 -0.714954   -0.541817 -0.245973 -0.563108   -0.620984 -0.273003 -0.500586
-0.541817 -0.245973 -0.563108   -0.357720 -0.199716 -0.306623   -0.620984 -0.273003 -0.500586
-0.620984 -0.273003 -0.500586   -0.357720 -0.199716 -0.306623   -0.357609 -0.181917 -0.225220
-0.357720 -0.066861 -0.306623   -0.357609 -0.181917 -0.225220   -0.357720 -0.199716 -0.306623
-0.544748 -0.201161 -1.467541   -0.657653 -0.265428 -1.467541   -0.639850 -0.296264 -1.467541
-0.544748 -0.201161 -1.467541   -0.575583 -0.183358 -1.467541   -0.657653 -0.265428 -1.467541
-0.575583 -0.183358 -1.384886   -0.657653 -0.265428 -1.467541   -0.575583 -0.183358 -1.467541
-0.545543 -0.071249 -1.384886   -0.575583 -0.183358 -1.384886   -0.575583 -0.183358 -1.467541
-0.544748 -0.201161 -1.384886   -0.575583 -0.183358 -1.384886   -0.545543 -0.071249 -1.384886
-0.544748 -0.201161 -1.384886   -0.545543 -0.071249 -1.384886   -0.509938 -0.071249 -1.384886
-0.509938 -0.071249 -0.714954   -0.544748 -0.201161 -1.384886   -0.509938 -0.071249 -1.384886
-0.509938 -0.071249 -0.714954   -0.544748 -0.201161 -0.714954   -0.544748 -0.201161 -1.384886
-0.509938 -0.071249 -0.714954   -0.483864 -0.172126 -0.608876   -0.544748 -0.201161 -0.714954
-0.544748 -0.201161 -0.714954   -0.483864 -0.172126 -0.608876   -0.541817 -0.245973 -0.563108
-0.639850 -0.296264 -1.467541   -0.530459 -0.251732 -1.600002   -0.544748 -0.201161 -1.467541
-0.544748 -0.201161 -1.467541   -0.530459 -0.251732 -1.600002   -0.530459 -0.251732 -1.706713
-0.530459 -0.251732 -1.600002   -0.589279 -0.310552 -1.706713   -0.530459 -0.251732 -1.706713
-0.530459 -0.251732 -1.600002   -0.589279 -0.310552 -1.600002   -0.589279 -0.310552 -1.706713
-0.639850 -0.296264 -1.467541   -0.589279 -0.310552 -1.600002   -0.530459 -0.251732 -1.600002
-0.545543 -0.071249 -1.384886   -0.575583 -0.183358 -1.467541   -0.545543 -0.071249 -1.467541
-0.575583 0.040861 -1.384886   -0.545543 -0.071249 -1.384886   -0.545543 -0.071249 -1.467541
-0.509938 -0.071249 -1.384886   -0.545543 -0.071249 -1.384886   -0.575583 0.040861 -1.384886
-0.509938 -0.071249 -1.384886   -0.575583 0.040861 -1.384886   -0.544748 0.058664 -1.384886
-0.544748 0.058664 -0.714954   -0.509938 -0.071249 -1.384886   -0.544748 0.058664 -1.384886
-0.544748 0.058664 -0.714954   -0.509938 -0.071249 -0.714954   -0.509938 -0.071249 -1.384886
-0.544748 0.058664 -0.714954   -0.394622 -0.071249 -0.625629   -0.509938 -0.071249 -0.714954
-0.509938 -0.071249 -0.714954   -0.394622 -0.071249 -0.625629   -0.483864 -0.172126 -0.608876
-0.394622 -0.071249 -0.625629   -0.357913 -0.133289 -0.447618   -0.483864 -0.172126 -0.608876
-0.483864 -0.172126 -0.608876   -0.357913 -0.133289 -0.447618   -0.357832 -0.181917 -0.388027
-0.483864 -0.172126 -0.608876   -0.357832 -0.181917 -0.388027   -0.541817 -0.245973 -0.563108
-0.575583 0.040861 -1.384886   -0.545543 -0.071249 -1.467541   -0.575583 0.040861 -1.467541
-0.544748 0.058664 -1.467541   -0.575583 0.040861 -1.467541   -0.545543 -0.071249 -1.467541
-0.639850 0.153766 -1.467541   -0.575583 0.040861 -1.467541   -0.544748 0.058664 -1.467541
-0.544748 0.058664 -1.467541   -0.589279 0.168055 -1.600002   -0.639850 0.153766 -1.467541
-0.639850 0.153766 -1.467541   -0.589279 0.168055 -1.600002   -0.589279 0.168055 -1.706713
-0.589279 0.168055 -1.600002   -0.530459 0.109235 -1.706713   -0.589279 0.168055 -1.706713
-0.589279 0.168055 -1.600002   -0.530459 0.109235 -1.600002   -0.530459 0.109235 -1.706713
-0.544748 0.058664 -1.467541   -0.530459 0.109235 -1.600002   -0.589279 0.168055 -1.600002
-0.541817 -0.245973 -0.563108   -0.357832 -0.181917 -0.388027   -0.357720 -0.199716 -0.306623
-0.357720 -0.066861 -0.306623   -0.357720 -0.199716 -0.306623   -0.357832 -0.181917 -0.388027
-0.357720 -0.066861 -0.306623   -0.357832 -0.181917 -0.388027   -0.357913 -0.133289 -0.447618
-0.357720 -0.066861 -0.306623   -0.357913 -0.133289 -0.447618   -0.289914 -0.066861 -0.469430
-0.357720 -0.066861 -0.306623   -0.289914 -0.066861 -0.469430   -0.289884 -0.000434 -0.447618
-0.357720 -0.066861 -0.306623   -0.289884 -0.000434 -0.447618   -0.289802 0.048195 -0.388026
-0.357720 -0.066861 -0.306623   -0.289802 0.048195 -0.388026   -0.289691 0.065994 -0.306623
-0.620984 0.130506 -0.500586   -0.289691 0.065994 -0.306623   -0.289802 0.048195 -0.388026
-0.620984 0.130506 -0.500586   -0.289802 0.048195 -0.388026   -0.541817 0.103476 -0.563108
-0.394622 -0.071249 -0.625629   -0.289914 -0.066861 -0.469430   -0.357913 -0.133289 -0.447618
-0.483864 0.029628 -0.608876   -0.289914 -0.066861 -0.469430   -0.394622 -0.071249 -0.625629
-0.483864 0.029628 -0.608876   -0.289884 -0.000434 -0.447618   -0.289914 -0.066861 -0.469430
-0.541817 0.103476 -0.563108   -0.289884 -0.000434 -0.447618   -0.483864 0.029628 -0.608876
-0.541817 0.103476 -0.563108   -0.289802 0.048195 -0.388026   -0.289884 -0.000434 -0.447618
-0.544748 0.058664 -0.714954   -0.483864 0.029628 -0.608876   -0.394622 -0.071249 -0.625629
-0.639850 0.153766 -0.714954   -0.483864 0.029628 -0.608876   -0.544748 0.058664 -0.714954
-0.639850 0.153766 -0.714954   -0.541817 0.103476 -0.563108   -0.483864 0.029628 -0.608876
-0.639850 0.153766 -0.714954   -0.544748 0.058664 -0.714954   -0.544748 0.058664 -1.384886
0.769763 -0.289015 -1.577284   0.769763 -0.289015 -1.624159   0.660879 -0.259840 -1.577284
0.769763 -0.289015 -1.577284   0.878646 -0.259840 -1.624159   0.769763 -0.289015 -1.624159
0.878646 -0.259840 -1.624159   0.899675 -0.296264 -1.624159   0.769763 -0.289015 -1.624159
0.769763 -0.289015 -1.624159   0.899675 -0.296264 -1.624159   0.769763 -0.331074 -1.624159
0.769763 -0.289015 -1.624159   0.769763 -0.331074 -1.624159   0.660879 -0.259840 -1.624159
0.660879 -0.259840 -1.577284   0.769763 -0.289015 -1.624159   0.660879 -0.259840 -1.624159
0.769763 -0.289015 -1.577284   0.660879 -0.259840 -1.577284   0.769763 -0.071248 -1.577284
0.878646 -0.259840 -1.577284   0.769763 -0.289015 -1.577284   0.769763 -0.071248 -1.577284
0.878646 -0.259840 -1.577284   0.878646 -0.259840 -1.624159   0.769763 -0.289015 -1.577284
0.878646 -0.259840 -1.577284   0.958354 -0.180132 -1.624159   0.878646 -0.259840 -1.624159
0.958354 -0.180132 -1.624159   0.994778 -0.201161 -1.624159   0.878646 -0.259840 -1.624159
0.878646 -0.259840 -1.624159   0.994778 -0.201161 -1.624159   0.899675 -0.296264 -1.624159
0.660879 -0.259840 -1.577284   0.581171 -0.180132 -1.577284   0.769763 -0.071248 -1.577284
0.581171 -0.180132 -1.577284   0.551996 -0.071249 -1.577284   0.769763 -0.071248 -1.577284
0.551996 -0.071249 -1.577284   0.581171 0.037635 -1.577284   0.769763 -0.071248 -1.577284
0.581171 0.037635 -1.577284   0.660879 0.117343 -1.577284   0.769763 -0.071248 -1.577284
0.660879 0.117343 -1.577284   0.769763 0.146518 -1.577284   0.769763 -0.071248 -1.577284
0.769763 0.146518 -1.577284   0.878646 0.117343 -1.577284   0.769763 -0.071248 -1.577284
0.878646 0.117343 -1.577284   0.958354 0.037635 -1.577284   0.769763 -0.071248 -1.577284
0.958354 0.037635 -1.577284   0.987530 -0.071248 -1.577284   0.769763 -0.071248 -1.577284
0.987530 -0.071248 -1.577284   0.958354 -0.180132 -1.577284   0.769763 -0.071248 -1.577284
0.958354 -0.180132 -1.577284   0.878646 -0.259840 -1.577284   0.769763 -0.071248 -1.577284
0.660879 -0.259840 -1.577284   0.660879 -0.259840 -1.624159   0.581171 -0.180132 -1.577284
0.581171 -0.180132 -1.577284   0.660879 -0.259840 -1.624159   0.581171 -0.180132 -1.624159
0.581171 -0.180132 -1.577284   0.581171 -0.180132 -1.624159   0.551996 -0.071249 -1.577284
0.551996 -0.071249 -1.577284   0.581171 -0.180132 -1.624159   0.551996 -0.071249 -1.624159
0.551996 -0.071249 -1.577284   0.551996 -0.071249 -1.624159   0.581171 0.037635 -1.577284
0.581171 0.037635 -1.577284   0.551996 -0.071249 -1.624159   0.581171 0.037635 -1.624159
0.581171 0.037635 -1.577284   0.581171 0.037635 -1.624159   0.660879 0.117343 -1.577284
0.660879 -0.259840 -1.624159   0.639850 -0.296264 -1.624159   0.581171 -0.180132 -1.624159
0.581171 -0.180132 -1.624159   0.639850 -0.296264 -1.624159   0.544748 -0.201161 -1.624159
0.581171 -0.180132 -1.624159   0.544748 -0.201161 -1.624159   0.551996 -0.071249 -1.624159
0.551996 -0.071249 -1.624159   0.544748 -0.201161 -1.624159   0.509938 -0.071249 -1.624159
0.551996 -0.071249 -1.624159   0.509938 -0.071249 -1.624159   0.581171 0.037635 -1.624159
0.581171 0.037635 -1.624159   0.509938 -0.071249 -1.624159   0.544748 0.058664 -1.624159
0.581171 0.037635 -1.624159   0.544748 0.058664 -1.624159   0.660879 0.117343 -1.624159
0.660879 0.117343 -1.577284   0.581171 0.037635 -1.624159   0.660879 0.117343 -1.624159
0.660879 0.117343 -1.577284   0.660879 0.117343 -1.624159   0.769763 0.146518 -1.577284
0.660879 -0.259840 -1.624159   0.769763 -0.331074 -1.624159   0.639850 -0.296264 -1.624159
0.769763 -0.331074 -1.624159   0.639850 -0.296264 -1.467541   0.639850 -0.296264 -1.624159
0.589279 -0.310552 -1.600002   0.639850 -0.296264 -1.624159   0.639850 -0.296264 -1.467541
0.589279 -0.310552 -1.706713   0.639850 -0.296264 -1.624159   0.589279 -0.310552 -1.600002
0.589279 -0.310552 -1.706713   0.544748 -0.201161 -1.624159   0.639850 -0.296264 -1.624159
0.530459 -0.251732 -1.706713   0.544748 -0.201161 -1.624159   0.589279 -0.310552 -1.706713
0.530459 -0.251732 -1.706713   0.544748 -0.201161 -1.467541   0.544748 -0.201161 -1.624159
0.544748 -0.201161 -1.467541   0.509938 -0.071249 -1.467541   0.544748 -0.201161 -1.624159
0.544748 -0.201161 -1.624159   0.509938 -0.071249 -1.467541   0.509938 -0.071249 -1.624159
0.769763 -0.331074 -1.467541   0.639850 -0.296264 -1.467541   0.769763 -0.331074 -1.624159
0.769763 -0.295468 -1.467541   0.639850 -0.296264 -1.467541   0.769763 -0.331074 -1.467541
0.657653 -0.265428 -1.467541   0.639850 -0.296264 -1.467541   0.769763 -0.295468 -1.467541
0.657653 -0.265428 -1.467541   0.544748 -0.201161 -1.467541   0.639850 -0.296264 -1.467541
0.530459 -0.251732 -1.600002   0.639850 -0.296264 -1.467541   0.544748 -0.201161 -1.467541
0.589279 -0.310552 -1.600002   0.639850 -0.296264 -1.467541   0.530459 -0.251732 -1.600002
0.589279 -0.310552 -1.600002   0.530459 -0.251732 -1.600002   0.589279 -0.310552 -1.706713
0.589279 -0.310552 -1.706713   0.530459 -0.251732 -1.600002   0.530459 -0.251732 -1.706713
0.530459 -0.251732 -1.600002   0.544748 -0.201161 -1.467541   0.530459 -0.251732 -1.706713
0.899675 -0.296264 -1.624159   0.769763 -0.331074 -1.467541   0.769763 -0.331074 -1.624159
0.899675 -0.296264 -1.467541   0.769763 -0.331074 -1.467541   0.899675 -0.296264 -1.624159
0.881872 -0.265428 -1.467541   0.769763 -0.331074 -1.467541   0.899675 -0.296264 -1.467541
0.769763 -0.295468 -1.467541   0.769763 -0.331074 -1.467541   0.881872 -0.265428 -1.467541
0.881872 -0.265428 -1.467541   0.769763 -0.295468 -1.384886   0.769763 -0.295468 -1.467541
0.769763 -0.295468 -1.384886   0.657653 -0.265428 -1.384886   0.769763 -0.295468 -1.467541
0.769763 -0.295468 -1.467541   0.657653 -0.265428 -1.384886   0.657653 -0.265428 -1.467541
0.657653 -0.265428 -1.384886   0.575583 -0.183358 -1.384886   0.657653 -0.265428 -1.467541
0.657653 -0.265428 -1.467541   0.575583 -0.183358 -1.384886   0.575583 -0.183358 -1.467541
0.575583 -0.183358 -1.467541   0.544748 -0.201161 -1.467541   0.657653 -0.265428 -1.467541
0.950246 -0.310552 -1.706713   0.899675 -0.296264 -1.467541   0.899675 -0.296264 -1.624159
0.950246 -0.310552 -1.600002   0.899675 -0.296264 -1.467541   0.950246 -0.310552 -1.706713
0.950246 -0.310552 -1.600002   0.994778 -0.201161 -1.467541   0.899675 -0.296264 -1.467541
0.963943 -0.183358 -1.467541   0.899675 -0.296264 -1.467541   0.994778 -0.201161 -1.467541
0.881872 -0.265428 -1.467541   0.899675 -0.296264 -1.467541   0.963943 -0.183358 -1.467541
0.963943 -0.183358 -1.467541   0.881872 -0.265428 -1.384886   0.881872 -0.265428 -1.467541
0.881872 -0.265428 -1.384886   0.769763 -0.295468 -1.384886   0.881872 -0.265428 -1.467541
0.950246 -0.310552 -1.706713   0.899675 -0.296264 -1.624159   1.009067 -0.251732 -1.706713
1.009067 -0.251732 -1.706713   0.950246 -0.310552 -1.600002   0.950246 -0.310552 -1.706713
1.009067 -0.251732 -1.600002   0.950246 -0.310552 -1.600002   1.009067 -0.251732 -1.706713
1.009067 -0.251732 -1.600002   0.994778 -0.201161 -1.467541   0.950246 -0.310552 -1.600002
1.009067 -0.251732 -1.600002   0.994778 -0.201161 -1.624159   0.994778 -0.201161 -1.467541
1.029588 -0.071248 -1.624159   0.994778 -0.201161 -1.467541   0.994778 -0.201161 -1.624159
1.029588 -0.071248 -1.467541   0.994778 -0.201161 -1.467541   1.029588 -0.071248 -1.624159
0.993982 -0.071248 -1.467541   0.994778 -0.201161 -1.467541   1.029588 -0.071248 -1.467541
0.963943 -0.183358 -1.467541   0.994778 -0.201161 -1.467541   0.993982 -0.071248 -1.467541
1.009067 -0.251732 -1.706713   0.899675 -0.296264 -1.624159   0.994778 -0.201161 -1.624159
1.009067 -0.251732 -1.706713   0.994778 -0.201161 -1.624159   1.009067 -0.251732 -1.600002
0.958354 -0.180132 -1.624159   1.029588 -0.071248 -1.624159   0.994778 -0.201161 -1.624159
0.987530 -0.071248 -1.624159   1.029588 -0.071248 -1.624159   0.958354 -0.180132 -1.624159
0.987530 -0.071248 -1.624159   0.994778 0.058664 -1.624159   1.029588 -0.071248 -1.624159
0.994778 0.058664 -1.624159   1.029588 -0.071248 -1.467541   1.029588 -0.071248 -1.624159
0.994778 0.058664 -1.467541   1.029588 -0.071248 -1.467541   0.994778 0.058664 -1.624159
0.963943 0.040861 -1.467541   1.029588 -0.071248 -1.467541   0.994778 0.058664 -1.467541
0.993982 -0.071248 -1.467541   1.029588 -0.071248 -1.467541   0.963943 0.040861 -1.467541
0.963943 0.040861 -1.467541   0.993982 -0.071248 -1.384886   0.993982 -0.071248 -1.467541
0.993982 -0.071248 -1.384886   0.963943 -0.183358 -1.384886   0.993982 -0.071248 -1.467541
0.993982 -0.071248 -1.467541   0.963943 -0.183358 -1.384886   0.963943 -0.183358 -1.467541
0.958354 -0.180132 -1.577284   0.987530 -0.071248 -1.624159   0.958354 -0.180132 -1.624159
0.987530 -0.071248 -1.577284   0.987530 -0.071248 -1.624159   0.958354 -0.180132 -1.577284
0.987530 -0.071248 -1.577284   0.958354 0.037635 -1.624159   0.987530 -0.071248 -1.624159
0.958354 0.037635 -1.624159   0.994778 0.058664 -1.624159   0.987530 -0.071248 -1.624159
0.958354 0.037635 -1.624159   0.899675 0.153766 -1.624159   0.994778 0.058664 -1.624159
0.950246 0.168055 -1.706713   0.994778 0.058664 -1.624159   0.899675 0.153766 -1.624159
1.009067 0.109235 -1.706713   0.994778 0.058664 -1.624159   0.950246 0.168055 -1.706713
1.009067 0.109235 -1.706713   0.994778 0.058664 -1.467541   0.994778 0.058664 -1.624159
0.958354 -0.180132 -1.577284   0.958354 -0.180132 -1.624159   0.878646 -0.259840 -1.577284
0.958354 0.037635 -1.577284   0.958354 0.037635 -1.624159   0.987530 -0.071248 -1.577284
0.958354 0.037635 -1.577284   0.878646 0.117343 -1.624159   0.958354 0.037635 -1.624159
0.878646 0.117343 -1.624159   0.899675 0.153766 -1.624159   0.958354 0.037635 -1.624159
0.878646 0.117343 -1.624159   0.769763 0.188577 -1.624159   0.899675 0.153766 -1.624159
0.769763 0.188577 -1.624159   0.899675 0.153766 -1.467541   0.899675 0.153766 -1.624159
0.950246 0.168055 -1.600002   0.899675 0.153766 -1.624159   0.899675 0.153766 -1.467541
0.950246 0.168055 -1.706713   0.899675 0.153766 -1.624159   0.950246 0.168055 -1.600002
0.950246 0.168055 -1.600002   1.009067 0.109235 -1.600002   0.950246 0.168055 -1.706713
0.950246 0.168055 -1.706713   1.009067 0.109235 -1.600002   1.009067 0.109235 -1.706713
1.009067 0.109235 -1.600002   0.994778 0.058664 -1.467541   1.009067 0.109235 -1.706713
0.878646 0.117343 -1.577284   0.878646 0.117343 -1.624159   0.958354 0.037635 -1.577284
0.878646 0.117343 -1.577284   0.769763 0.146518 -1.624159   0.878646 0.117343 -1.624159
0.769763 0.146518 -1.624159   0.769763 0.188577 -1.624159   0.878646 0.117343 -1.624159
0.769763 0.146518 -1.624159   0.639850 0.153766 -1.624159   0.769763 0.188577 -1.624159
0.639850 0.153766 -1.624159   0.769763 0.188577 -1.467541   0.769763 0.188577 -1.624159
0.769763 0.188577 -1.467541   0.899675 0.153766 -1.467541   0.769763 0.188577 -1.624159
0.769763 0.146518 -1.577284   0.769763 0.146518 -1.624159   0.878646 0.117343 -1.577284
0.769763 0.146518 -1.577284   0.660879 0.117343 -1.624159   0.769763 0.146518 -1.624159
0.660879 0.117343 -1.624159   0.639850 0.153766 -1.624159   0.769763 0.146518 -1.624159
0.660879 0.117343 -1.624159   0.544748 0.058664 -1.624159   0.639850 0.153766 -1.624159
0.530459 0.109235 -1.706713   0.639850 0.153766 -1.624159   0.544748 0.058664 -1.624159
0.589279 0.168055 -1.706713   0.639850 0.153766 -1.624159   0.530459 0.109235 -1.706713
0.589279 0.168055 -1.706713   0.639850 0.153766 -1.467541   0.639850 0.153766 -1.624159
0.639850 0.153766 -1.467541   0.769763 0.188577 -1.467541   0.639850 0.153766 -1.624159
0.657653 0.122931 -1.467541   0.769763 0.188577 -1.467541   0.639850 0.153766 -1.467541
0.769763 0.152971 -1.467541   0.769763 0.188577 -1.467541   0.657653 0.122931 -1.467541
0.769763 0.152971 -1.467541   0.899675 0.153766 -1.467541   0.769763 0.188577 -1.467541
0.530459 0.109235 -1.706713   0.544748 0.058664 -1.624159   0.530459 0.109235 -1.600002
0.530459 0.109235 -1.600002   0.589279 0.168055 -1.600002   0.530459 0.109235 -1.706713
0.530459 0.109235 -1.706713   0.589279 0.168055 -1.600002   0.589279 0.168055 -1.706713
0.589279 0.168055 -1.600002   0.639850 0.153766 -1.467541   0.589279 0.168055 -1.706713
0.589279 0.168055 -1.600002   0.544748 0.058664 -1.467541   0.639850 0.153766 -1.467541
0.575583 0.040861 -1.467541   0.639850 0.153766 -1.467541   0.544748 0.058664 -1.467541
0.657653 0.122931 -1.467541   0.639850 0.153766 -1.467541   0.575583 0.040861 -1.467541
0.575583 0.040861 -1.467541   0.657653 0.122931 -1.384886   0.657653 0.122931 -1.467541
0.657653 0.122931 -1.384886   0.769763 0.152971 -1.384886   0.657653 0.122931 -1.467541
0.657653 0.122931 -1.467541   0.769763 0.152971 -1.384886   0.769763 0.152971 -1.467541
0.530459 0.109235 -1.600002   0.544748 0.058664 -1.624159   0.544748 0.058664 -1.467541
0.530459 0.109235 -1.600002   0.544748 0.058664 -1.467541   0.589279 0.168055 -1.600002
0.509938 -0.071249 -1.624159   0.544748 0.058664 -1.467541   0.544748 0.058664 -1.624159
0.509938 -0.071249 -1.467541   0.544748 0.058664 -1.467541   0.509938 -0.071249 -1.624159
0.545543 -0.071249 -1.467541   0.544748 0.058664 -1.467541   0.509938 -0.071249 -1.467541
0.575583 0.040861 -1.467541   0.544748 0.058664 -1.467541   0.545543 -0.071249 -1.467541
0.545543 -0.071249 -1.467541   0.575583 0.040861 -1.384886   0.575583 0.040861 -1.467541
0.575583 0.040861 -1.384886   0.657653 0.122931 -1.384886   0.575583 0.040861 -1.467541
0.575583 0.040861 -1.384886   0.544748 0.058664 -1.384886   0.657653 0.122931 -1.384886
0.657653 0.122931 -1.384886   0.544748 0.058664 -1.384886   0.639850 0.153766 -1.384886
0.657653 0.122931 -1.384886   0.639850 0.153766 -1.384886   0.769763 0.152971 -1.384886
0.769763 0.152971 -1.384886   0.639850 0.153766 -1.384886   0.769763 0.188577 -1.384886
0.769763 0.152971 -1.384886   0.769763 0.188577 -1.384886   0.881872 0.122931 -1.384886
0.769763 0.152971 -1.384886   0.881872 0.122931 -1.384886   0.769763 0.152971 -1.467541
0.545543 -0.071249 -1.467541   0.509938 -0.071249 -1.467541   0.575583 -0.183358 -1.467541
0.575583 -0.183358 -1.467541   0.545543 -0.071249 -1.384886   0.545543 -0.071249 -1.467541
0.545543 -0.071249 -1.384886   0.575583 0.040861 -1.384886   0.545543 -0.071249 -1.467541
0.545543 -0.071249 -1.384886   0.509938 -0.071249 -1.384886   0.575583 0.040861 -1.384886
0.575583 0.040861 -1.384886   0.509938 -0.071249 -1.384886   0.544748 0.058664 -1.384886
0.509938 -0.071249 -1.384886   0.544748 0.058664 -0.714954   0.544748 0.058664 -1.384886
0.544748 0.058664 -0.714954   0.639850 0.153766 -0.714954   0.544748 0.058664 -1.384886
0.544748 0.058664 -1.384886   0.639850 0.153766 -0.714954   0.639850 0.153766 -1.384886
0.639850 0.153766 -0.714954   0.769763 0.188576 -0.714954   0.639850 0.153766 -1.384886
0.639850 0.153766 -1.384886   0.769763 0.188576 -0.714954   0.769763 0.188577 -1.384886
0.575583 -0.183358 -1.467541   0.509938 -0.071249 -1.467541   0.544748 -0.201161 -1.467541
0.575583 -0.183358 -1.384886   0.545543 -0.071249 -1.384886   0.575583 -0.183358 -1.467541
0.575583 -0.183358 -1.384886   0.544748 -0.201161 -1.384886   0.545543 -0.071249 -1.384886
0.545543 -0.071249 -1.384886   0.544748 -0.201161 -1.384886   0.509938 -0.071249 -1.384886
0.544748 -0.201161 -1.384886   0.509938 -0.071249 -0.714954   0.509938 -0.071249 -1.384886
0.509938 -0.071249 -0.714954   0.544748 0.058664 -0.714954   0.509938 -0.071249 -1.384886
0.394622 -0.071249 -0.625629   0.544748 0.058664 -0.714954   0.509938 -0.071249 -0.714954
0.483864 0.029628 -0.608876   0.544748 0.058664 -0.714954   0.394622 -0.071249 -0.625629
0.483864 0.029628 -0.608876   0.639850 0.153766 -0.714954   0.544748 0.058664 -0.714954
0.541817 0.103476 -0.563108   0.639850 0.153766 -0.714954   0.483864 0.029628 -0.608876
0.541817 0.103476 -0.563108   0.769763 0.188576 -0.714954   0.639850 0.153766 -0.714954
0.575583 -0.183358 -1.384886   0.639850 -0.296264 -1.384886   0.544748 -0.201161 -1.384886
0.639850 -0.296264 -1.384886   0.544748 -0.201161 -0.714954   0.544748 -0.201161 -1.384886
0.544748 -0.201161 -0.714954   0.509938 -0.071249 -0.714954   0.544748 -0.201161 -1.384886
0.483864 -0.172126 -0.608876   0.509938 -0.071249 -0.714954   0.544748 -0.201161 -0.714954
0.394622 -0.071249 -0.625629   0.509938 -0.071249 -0.714954   0.483864 -0.172126 -0.608876
0.357913 -0.133289 -0.447618   0.394622 -0.071249 -0.625629   0.483864 -0.172126 -0.608876
0.289914 -0.066861 -0.469430   0.394622 -0.071249 -0.625629   0.357913 -0.133289 -0.447618
0.289914 -0.066861 -0.469430   0.483864 0.029628 -0.608876   0.394622 -0.071249 -0.625629
0.289884 -0.000434 -0.447618   0.483864 0.029628 -0.608876   0.289914 -0.066861 -0.469430
0.289884 -0.000434 -0.447618   0.541817 0.103476 -0.563108   0.483864 0.029628 -0.608876
0.657653 -0.265428 -1.384886   0.639850 -0.296264 -1.384886   0.575583 -0.183358 -1.384886
0.657653 -0.265428 -1.384886   0.769763 -0.331074 -1.384886   0.639850 -0.296264 -1.384886
0.769763 -0.331074 -1.384886   0.639850 -0.296264 -0.714954   0.639850 -0.296264 -1.384886
0.639850 -0.296264 -0.714954   0.544748 -0.201161 -0.714954   0.639850 -0.296264 -1.384886
0.541817 -0.245973 -0.563108   0.544748 -0.201161 -0.714954   0.639850 -0.296264 -0.714954
0.483864 -0.172126 -0.608876   0.544748 -0.201161 -0.714954   0.541817 -0.245973 -0.563108
0.357832 -0.181917 -0.388027   0.483864 -0.172126 -0.608876   0.541817 -0.245973 -0.563108
0.357913 -0.133289 -0.447618   0.483864 -0.172126 -0.608876   0.357832 -0.181917 -0.388027
0.357832 -0.181917 -0.388027   0.357720 -0.066861 -0.306623   0.357913 -0.133289 -0.447618
0.357913 -0.133289 -0.447618   0.357720 -0.066861 -0.306623   0.289914 -0.066861 -0.469430
0.289914 -0.066861 -0.469430   0.357720 -0.066861 -0.306623   0.289884 -0.000434 -0.447618
0.289884 -0.000434 -0.447618   0.357720 -0.066861 -0.306623   0.289802 0.048195 -0.388026
0.289802 0.048195 -0.388026   0.541817 0.103476 -0.563108   0.289884 -0.000434 -0.447618
0.769763 -0.295468 -1.384886   0.769763 -0.331074 -1.384886   0.657653 -0.265428 -1.384886
0.769763 -0.295468 -1.384886   0.899675 -0.296264 -1.384886   0.769763 -0.331074 -1.384886
0.899675 -0.296264 -1.384886   0.769763 -0.331074 -0.714954   0.769763 -0.331074 -1.384886
0.769763 -0.331074 -0.714954   0.639850 -0.296264 -0.714954   0.769763 -0.331074 -1.384886
0.620984 -0.273003 -0.500586   0.639850 -0.296264 -0.714954   0.769763 -0.331074 -0.714954
0.541817 -0.245973 -0.563108   0.639850 -0.296264 -0.714954   0.620984 -0.273003 -0.500586
0.357720 -0.199716 -0.306623   0.541817 -0.245973 -0.563108   0.620984 -0.273003 -0.500586
0.357832 -0.181917 -0.388027   0.541817 -0.245973 -0.563108   0.357720 -0.199716 -0.306623
0.357720 -0.199716 -0.306623   0.357720 -0.066861 -0.306623   0.357832 -0.181917 -0.388027
0.881872 -0.265428 -1.384886   0.899675 -0.296264 -1.384886   0.769763 -0.295468 -1.384886
0.881872 -0.265428 -1.384886   0.994778 -0.201161 -1.384886   0.899675 -0.296264 -1.384886
0.994778 -0.201161 -1.384886   0.899675 -0.296264 -0.714954   0.899675 -0.296264 -1.384886
0.899675 -0.296264 -0.714954   0.769763 -0.331074 -0.714954   0.899675 -0.296264 -1.384886
0.700149 -0.245973 -0.438065   0.769763 -0.331074 -0.714954   0.899675 -0.296264 -0.714954
0.620984 -0.273003 -0.500586   0.769763 -0.331074 -0.714954   0.700149 -0.245973 -0.438065
0.357609 -0.181917 -0.225220   0.620984 -0.273003 -0.500586   0.700149 -0.245973 -0.438065
0.357720 -0.199716 -0.306623   0.620984 -0.273003 -0.500586   0.357609 -0.181917 -0.225220
0.357609 -0.181917 -0.225220   0.357720 -0.066861 -0.306623   0.357720 -0.199716 -0.306623
0.963943 -0.183358 -1.384886   0.994778 -0.201161 -1.384886   0.881872 -0.265428 -1.384886
0.963943 -0.183358 -1.384886   1.029588 -0.071248 -1.384886   0.994778 -0.201161 -1.384886
1.029588 -0.071248 -1.384886   0.994778 -0.201161 -0.714954   0.994778 -0.201161 -1.384886
0.994778 -0.201161 -0.714954   0.899675 -0.296264 -0.714954   0.994778 -0.201161 -1.384886
0.758103 -0.172126 -0.392296   0.899675 -0.296264 -0.714954   0.994778 -0.201161 -0.714954
0.700149 -0.245973 -0.438065   0.899675 -0.296264 -0.714954   0.758103 -0.172126 -0.392296
0.357527 -0.133289 -0.165628   0.700149 -0.245973 -0.438065   0.758103 -0.172126 -0.392296
0.357609 -0.181917 -0.225220   0.700149 -0.245973 -0.438065   0.357527 -0.133289 -0.165628
0.357527 -0.133289 -0.165628   0.357720 -0.066861 -0.306623   0.357609 -0.181917 -0.225220
0.963943 -0.183358 -1.384886   0.881872 -0.265428 -1.384886   0.963943 -0.183358 -1.467541
0.993982 -0.071248 -1.384886   1.029588 -0.071248 -1.384886   0.963943 -0.183358 -1.384886
0.993982 -0.071248 -1.384886   0.994778 0.058664 -1.384886   1.029588 -0.071248 -1.384886
0.994778 0.058664 -1.384886   1.029588 -0.071249 -0.714954   1.029588 -0.071248 -1.384886
1.029588 -0.071249 -0.714954   0.994778 -0.201161 -0.714954   1.029588 -0.071248 -1.384886
0.779315 -0.071249 -0.375543   0.994778 -0.201161 -0.714954   1.029588 -0.071249 -0.714954
0.758103 -0.172126 -0.392296   0.994778 -0.201161 -0.714954   0.779315 -0.071249 -0.375543
0.289468 -0.066861 -0.143816   0.758103 -0.172126 -0.392296   0.779315 -0.071249 -0.375543
0.357527 -0.133289 -0.165628   0.758103 -0.172126 -0.392296   0.289468 -0.066861 -0.143816
0.289468 -0.066861 -0.143816   0.357720 -0.066861 -0.306623   0.357527 -0.133289 -0.165628
0.963943 0.040861 -1.384886   0.994778 0.058664 -1.384886   0.993982 -0.071248 -1.384886
0.963943 0.040861 -1.384886   0.899675 0.153766 -1.384886   0.994778 0.058664 -1.384886
0.899675 0.153766 -1.384886   0.994778 0.058664 -0.714954   0.994778 0.058664 -1.384886
0.994778 0.058664 -0.714954   1.029588 -0.071249 -0.714954   0.994778 0.058664 -1.384886
0.758103 0.029629 -0.392296   1.029588 -0.071249 -0.714954   0.994778 0.058664 -0.714954
0.779315 -0.071249 -0.375543   1.029588 -0.071249 -0.714954   0.758103 0.029629 -0.392296
0.289498 -0.000434 -0.165628   0.779315 -0.071249 -0.375543   0.758103 0.029629 -0.392296
0.289468 -0.066861 -0.143816   0.779315 -0.071249 -0.375543   0.289498 -0.000434 -0.165628
0.289498 -0.000434 -0.165628   0.357720 -0.066861 -0.306623   0.289468 -0.066861 -0.143816
0.963943 0.040861 -1.384886   0.993982 -0.071248 -1.384886   0.963943 0.040861 -1.467541
0.881872 0.122931 -1.467541   0.963943 0.040861 -1.384886   0.963943 0.040861 -1.467541
0.881872 0.122931 -1.384886   0.963943 0.040861 -1.384886   0.881872 0.122931 -1.467541
0.881872 0.122931 -1.384886   0.899675 0.153766 -1.384886   0.963943 0.040861 -1.384886
0.881872 0.122931 -1.384886   0.769763 0.188577 -1.384886   0.899675 0.153766 -1.384886
0.769763 0.188577 -1.384886   0.899675 0.153766 -0.714954   0.899675 0.153766 -1.384886
0.899675 0.153766 -0.714954   0.994778 0.058664 -0.714954   0.899675 0.153766 -1.384886
0.700149 0.103476 -0.438065   0.994778 0.058664 -0.714954   0.899675 0.153766 -0.714954
0.758103 0.029629 -0.392296   0.994778 0.058664 -0.714954   0.700149 0.103476 -0.438065
0.289580 0.048194 -0.225220   0.758103 0.029629 -0.392296   0.700149 0.103476 -0.438065
0.289498 -0.000434 -0.165628   0.758103 0.029629 -0.392296   0.289580 0.048194 -0.225220
0.289580 0.048194 -0.225220   0.357720 -0.066861 -0.306623   0.289498 -0.000434 -0.165628
0.963943 0.040861 -1.467541   0.994778 0.058664 -1.467541   0.881872 0.122931 -1.467541
0.881872 0.122931 -1.467541   0.994778 0.058664 -1.467541   0.899675 0.153766 -1.467541
0.881872 0.122931 -1.467541   0.899675 0.153766 -1.467541   0.769763 0.152971 -1.467541
0.769763 0.152971 -1.467541   0.881872 0.122931 -1.384886   0.881872 0.122931 -1.467541
1.009067 0.109235 -1.600002   0.899675 0.153766 -1.467541   0.994778 0.058664 -1.467541
0.950246 0.168055 -1.600002   0.899675 0.153766 -1.467541   1.009067 0.109235 -1.600002
0.769763 0.188576 -0.714954   0.899675 0.153766 -0.714954   0.769763 0.188577 -1.384886
0.620984 0.130506 -0.500586   0.899675 0.153766 -0.714954   0.769763 0.188576 -0.714954
0.700149 0.103476 -0.438065   0.899675 0.153766 -0.714954   0.620984 0.130506 -0.500586
0.289691 0.065994 -0.306623   0.700149 0.103476 -0.438065   0.620984 0.130506 -0.500586
0.289580 0.048194 -0.225220   0.700149 0.103476 -0.438065   0.289691 0.065994 -0.306623
0.289691 0.065994 -0.306623   0.357720 -0.066861 -0.306623   0.289580 0.048194 -0.225220
0.289802 0.048195 -0.388026   0.357720 -0.066861 -0.306623   0.289691 0.065994 -0.306623
0.289691 0.065994 -0.306623   0.620984 0.130506 -0.500586   0.289802 0.048195 -0.388026
0.289802 0.048195 -0.388026   0.620984 0.130506 -0.500586   0.541817 0.103476 -0.563108
0.620984 0.130506 -0.500586   0.769763 0.188576 -0.714954   0.541817 0.103476 -0.563108
