-9.750000 -11.500000 1.000000   -18.750000 3.000000 1.000000   -15.250000 -11.500000 1.000000
-21.750000 -0.500000 1.000000   -15.250000 -11.500000 1.000000   -18.750000 3.000000 1.000000
-10.250000 11.500000 1.000000   -16.750000 11.500000 1.000000   -18.750000 3.000000 1.000000
-18.750000 3.000000 1.000000   -16.750000 11.500000 1.000000   -21.750000 -0.500000 1.000000
-21.750000 -0.500000 1.000000   -16.750000 11.500000 1.000000   -25.750000 -4.500000 1.000000
-25.750000 2.000000 1.000000   -25.750000 -4.500000 1.000000   -16.750000 11.500000 1.000000
-25.750000 -11.500000 1.000000   -25.750000 11.500000 1.000000   -30.250000 -11.500000 1.000000
-30.250000 11.500000 1.000000   -30.250000 -11.500000 1.000000   -25.750000 11.500000 1.000000
-7.250000 -11.500000 1.000000   -2.750000 -11.500000 1.000000   -2.750000 7.500000 1.000000
10.250000 4.500000 1.000000   9.750000 7.000000 1.000000   9.250000 0.500000 1.000000
9.750000 7.000000 1.000000   8.750000 9.000000 1.000000   9.250000 0.500000 1.000000
9.250000 0.500000 1.000000   8.750000 9.000000 1.000000   7.750000 -1.500000 1.000000
8.750000 9.000000 1.000000   7.250000 10.500000 1.000000   7.750000 -1.500000 1.000000
7.250000 10.500000 1.000000   5.750000 4.000000 1.000000   7.750000 -1.500000 1.000000
7.750000 -1.500000 1.000000   5.750000 4.000000 1.000000   5.250000 -2.500000 1.000000
5.750000 4.000000 1.000000   5.250000 2.500000 1.000000   5.250000 -2.500000 1.000000
5.250000 2.500000 1.000000   3.750000 1.500000 1.000000   5.250000 -2.500000 1.000000
5.250000 -2.500000 1.000000   3.750000 1.500000 1.000000   3.250000 -3.000000 1.000000
3.750000 1.500000 1.000000   2.250000 1.000000 1.000000   3.250000 -3.000000 1.000000
3.250000 -3.000000 1.000000   2.250000 1.000000 1.000000   0.250000 -3.000000 1.000000
2.250000 1.000000 1.000000   -0.250000 1.000000 1.000000   0.250000 -3.000000 1.000000
0.250000 -3.000000 1.000000   -0.250000 1.000000 1.000000   -2.750000 -3.000000 1.000000
-2.750000 1.000000 1.000000   -2.750000 -3.000000 1.000000   -0.250000 1.000000 1.000000
7.250000 10.500000 1.000000   5.750000 11.000000 1.000000   5.750000 4.000000 1.000000
5.750000 4.000000 1.000000   5.750000 11.000000 1.000000   5.250000 6.500000 1.000000
5.750000 11.000000 1.000000   3.750000 11.500000 1.000000   5.250000 6.500000 1.000000
5.250000 6.500000 1.000000   3.750000 11.500000 1.000000   3.250000 7.500000 1.000000
3.250000 7.500000 1.000000   3.750000 11.500000 1.000000   1.750000 7.500000 1.000000
3.750000 11.500000 1.000000   0.250000 11.500000 1.000000   1.750000 7.500000 1.000000
1.750000 7.500000 1.000000   0.250000 11.500000 1.000000   -0.250000 7.500000 1.000000
-0.250000 7.500000 1.000000   0.250000 11.500000 1.000000   -2.750000 7.500000 1.000000
0.250000 11.500000 1.000000   -7.250000 11.500000 1.000000   -2.750000 7.500000 1.000000
-7.250000 -11.500000 1.000000   -2.750000 7.500000 1.000000   -7.250000 11.500000 1.000000
30.250000 -7.500000 1.000000   18.750000 -7.500000 1.000000   30.250000 -11.500000 1.000000
30.250000 -11.500000 1.000000   18.750000 -7.500000 1.000000   14.250000 -11.500000 1.000000
18.750000 -7.500000 1.000000   18.750000 11.500000 1.000000   14.250000 -11.500000 1.000000
14.250000 11.500000 1.000000   14.250000 -11.500000 1.000000   18.750000 11.500000 1.000000
-30.250000 -11.500000 -1.000000   -30.250000 -11.500000 1.000000   -30.250000 11.500000 -1.000000
-30.250000 -11.500000 1.000000   -30.250000 11.500000 1.000000   -30.250000 11.500000 -1.000000
-30.250000 11.500000 -1.000000   -30.250000 11.500000 1.000000   -25.750000 11.500000 -1.000000
-30.250000 11.500000 1.000000   -25.750000 11.500000 1.000000   -25.750000 11.500000 -1.000000
-25.750000 11.500000 -1.000000   -25.750000 11.500000 1.000000   -25.750000 2.000000 -1.000000
-25.750000 11.500000 1.000000   -25.750000 2.000000 1.000000   -25.750000 2.000000 -1.000000
-25.750000 2.000000 -1.000000   -25.750000 2.000000 1.000000   -16.750000 11.500000 -1.000000
-25.750000 2.000000 1.000000   -16.750000 11.500000 1.000000   -16.750000 11.500000 -1.000000
-16.750000 11.500000 -1.000000   -16.750000 11.500000 1.000000   -10.250000 11.500000 -1.000000
-16.750000 11.500000 1.000000   -10.250000 11.500000 1.000000   -10.250000 11.500000 -1.000000
-10.250000 11.500000 -1.000000   -10.250000 11.500000 1.000000   -18.750000 3.000000 -1.000000
-10.250000 11.500000 1.000000   -18.750000 3.000000 1.000000   -18.750000 3.000000 -1.000000
-18.750000 3.000000 -1.000000   -18.750000 3.000000 1.000000   -9.750000 -11.500000 -1.000000
-18.750000 3.000000 1.000000   -9.750000 -11.500000 1.000000   -9.750000 -11.500000 -1.000000
-9.750000 -11.500000 -1.000000   -9.750000 -11.500000 1.000000   -15.250000 -11.500000 -1.000000
-9.750000 -11.500000 1.000000   -15.250000 -11.500000 1.000000   -15.250000 -11.500000 -1.000000
-15.250000 -11.500000 -1.000000   -15.250000 -11.500000 1.000000   -21.750000 -0.500000 -1.000000
-15.250000 -11.500000 1.000000   -21.750000 -0.500000 1.000000   -21.750000 -0.500000 -1.000000
-21.750000 -0.500000 -1.000000   -21.750000 -0.500000 1.000000   -25.750000 -4.500000 -1.000000
-21.750000 -0.500000 1.000000   -25.750000 -4.500000 1.000000   -25.750000 -4.500000 -1.000000
-25.750000 -4.500000 -1.000000   -25.750000 -4.500000 1.000000   -25.750000 -11.500000 -1.000000
-25.750000 -4.500000 1.000000   -25.750000 -11.500000 1.000000   -25.750000 -11.500000 -1.000000
-25.750000 -11.500000 -1.000000   -25.750000 -11.500000 1.000000   -30.250000 -11.500000 -1.000000
-25.750000 -11.500000 1.000000   -30.250000 -11.500000 1.000000   -30.250000 -11.500000 -1.000000
-7.250000 -11.500000 -1.000000   -7.250000 -11.500000 1.000000   -7.250000 11.500000 -1.000000
-7.250000 -11.500000 1.000000   -7.250000 11.500000 1.000000   -7.250000 11.500000 -1.000000
-7.250000 11.500000 -1.000000   -7.250000 11.500000 1.000000   0.250000 11.500000 -1.000000
-7.250000 11.500000 1.000000   0.250000 11.500000 1.000000   0.250000 11.500000 -1.000000
0.250000 11.500000 -1.000000   0.250000 11.500000 1.000000   3.750000 11.500000 -1.000000
0.250000 11.500000 1.000000   3.750000 11.500000 1.000000   3.750000 11.500000 -1.000000
3.750000 11.500000 -1.000000   3.750000 11.500000 1.000000   5.750000 11.000000 -1.000000
3.750000 11.500000 1.000000   5.750000 11.000000 1.000000   5.750000 11.000000 -1.000000
5.750000 11.000000 -1.000000   5.750000 11.000000 1.000000   7.250000 10.500000 -1.000000
5.750000 11.000000 1.000000   7.250000 10.500000 1.000000   7.250000 10.500000 -1.000000
7.250000 10.500000 -1.000000   7.250000 10.500000 1.000000   8.750000 9.000000 -1.000000
7.250000 10.500000 1.000000   8.750000 9.000000 1.000000   8.750000 9.000000 -1.000000
8.750000 9.000000 -1.000000   8.750000 9.000000 1.000000   9.750000 7.000000 -1.000000
8.750000 9.000000 1.000000   9.750000 7.000000 1.000000   9.750000 7.000000 -1.000000
9.750000 7.000000 -1.000000   9.750000 7.000000 1.000000   10.250000 4.500000 -1.000000
9.750000 7.000000 1.000000   10.250000 4.500000 1.000000   10.250000 4.500000 -1.000000
10.250000 4.500000 -1.000000   10.250000 4.500000 1.000000   9.250000 0.500000 -1.000000
10.250000 4.500000 1.000000   9.250000 0.500000 1.000000   9.250000 0.500000 -1.000000
9.250000 0.500000 -1.000000   9.250000 0.500000 1.000000   7.750000 -1.500000 -1.000000
9.250000 0.500000 1.000000   7.750000 -1.500000 1.000000   7.750000 -1.500000 -1.000000
7.750000 -1.500000 -1.000000   7.750000 -1.500000 1.000000   5.250000 -2.500000 -1.000000
7.750000 -1.500000 1.000000   5.250000 -2.500000 1.000000   5.250000 -2.500000 -1.000000
5.250000 -2.500000 -1.000000   5.250000 -2.500000 1.000000   3.250000 -3.000000 -1.000000
5.250000 -2.500000 1.000000   3.250000 -3.000000 1.000000   3.250000 -3.000000 -1.000000
3.250000 -3.000000 -1.000000   3.250000 -3.000000 1.000000   0.250000 -3.000000 -1.000000
3.250000 -3.000000 1.000000   0.250000 -3.000000 1.000000   0.250000 -3.000000 -1.000000
0.250000 -3.000000 -1.000000   0.250000 -3.000000 1.000000   -2.750000 -3.000000 -1.000000
0.250000 -3.000000 1.000000   -2.750000 -3.000000 1.000000   -2.750000 -3.000000 -1.000000
-2.750000 -3.000000 -1.000000   -2.750000 -3.000000 1.000000   -2.750000 -11.500000 -1.000000
-2.750000 -3.000000 1.000000   -2.750000 -11.500000 1.000000   -2.750000 -11.500000 -1.000000
-2.750000 -11.500000 -1.000000   -2.750000 -11.500000 1.000000   -7.250000 -11.500000 -1.000000
-2.750000 -11.500000 1.000000   -7.250000 -11.500000 1.000000   -7.250000 -11.500000 -1.000000
-2.750000 7.500000 -1.000000   -2.750000 7.500000 1.000000   -2.750000 1.000000 -1.000000
-2.750000 7.500000 1.000000   -2.750000 1.000000 1.000000   -2.750000 1.000000 -1.000000
-2.750000 1.000000 -1.000000   -2.750000 1.000000 1.000000   -0.250000 1.000000 -1.000000
-2.750000 1.000000 1.000000   -0.250000 1.000000 1.000000   -0.250000 1.000000 -1.000000
-0.250000 1.000000 -1.000000   -0.250000 1.000000 1.000000   2.250000 1.000000 -1.000000
-0.250000 1.000000 1.000000   2.250000 1.000000 1.000000   2.250000 1.000000 -1.000000
2.250000 1.000000 -1.000000   2.250000 1.000000 1.000000   3.750000 1.500000 -1.000000
2.250000 1.000000 1.000000   3.750000 1.500000 1.000000   3.750000 1.500000 -1.000000
3.750000 1.500000 -1.000000   3.750000 1.500000 1.000000   5.250000 2.500000 -1.000000
3.750000 1.500000 1.000000   5.250000 2.500000 1.000000   5.250000 2.500000 -1.000000
5.250000 2.500000 -1.000000   5.250000 2.500000 1.000000   5.750000 4.000000 -1.000000
5.250000 2.500000 1.000000   5.750000 4.000000 1.000000   5.750000 4.000000 -1.000000
5.750000 4.000000 -1.000000   5.750000 4.000000 1.000000   5.250000 6.500000 -1.000000
5.750000 4.000000 1.000000   5.250000 6.500000 1.000000   5.250000 6.500000 -1.000000
5.250000 6.500000 -1.000000   5.250000 6.500000 1.000000   3.250000 7.500000 -1.000000
5.250000 6.500000 1.000000   3.250000 7.500000 1.000000   3.250000 7.500000 -1.000000
3.250000 7.500000 -1.000000   3.250000 7.500000 1.000000   1.750000 7.500000 -1.000000
3.250000 7.500000 1.000000   1.750000 7.500000 1.000000   1.750000 7.500000 -1.000000
1.750000 7.500000 -1.000000   1.750000 7.500000 1.000000   -0.250000 7.500000 -1.000000
1.750000 7.500000 1.000000   -0.250000 7.500000 1.000000   -0.250000 7.500000 -1.000000
-0.250000 7.500000 -1.000000   -0.250000 7.500000 1.000000   -2.750000 7.500000 -1.000000
-0.250000 7.500000 1.000000   -2.750000 7.500000 1.000000   -2.750000 7.500000 -1.000000
14.250000 -11.500000 -1.000000   14.250000 -11.500000 1.000000   14.250000 11.500000 -1.000000
14.250000 -11.500000 1.000000   14.250000 11.500000 1.000000   14.250000 11.500000 -1.000000
14.250000 11.500000 -1.000000   14.250000 11.500000 1.000000   18.750000 11.500000 -1.000000
14.250000 11.500000 1.000000   18.750000 11.500000 1.000000   18.750000 11.500000 -1.000000
18.750000 11.500000 -1.000000   18.750000 11.500000 1.000000   18.750000 -7.500000 -1.000000
18.750000 11.500000 1.000000   18.750000 -7.500000 1.000000   18.750000 -7.500000 -1.000000
18.750000 -7.500000 -1.000000   18.750000 -7.500000 1.000000   30.250000 -7.500000 -1.000000
18.750000 -7.500000 1.000000   30.250000 -7.500000 1.000000   30.250000 -7.500000 -1.000000
30.250000 -7.500000 -1.000000   30.250000 -7.500000 1.000000   30.250000 -11.500000 -1.000000
30.250000 -7.500000 1.000000   30.250000 -11.500000 1.000000   30.250000 -11.500000 -1.000000
30.250000 -11.500000 -1.000000   30.250000 -11.500000 1.000000   14.250000 -11.500000 -1.000000
30.250000 -11.500000 1.000000   14.250000 -11.500000 1.000000   14.250000 -11.500000 -1.000000
-15.250000 -11.500000 -1.000000   -18.750000 3.000000 -1.000000   -9.750000 -11.500000 -1.000000
-18.750000 3.000000 -1.000000   -15.250000 -11.500000 -1.000000   -21.750000 -0.500000 -1.000000
-18.750000 3.000000 -1.000000   -16.750000 11.500000 -1.000000   -10.250000 11.500000 -1.000000
-21.750000 -0.500000 -1.000000   -16.750000 11.500000 -1.000000   -18.750000 3.000000 -1.000000
-25.750000 -4.500000 -1.000000   -16.750000 11.500000 -1.000000   -21.750000 -0.500000 -1.000000
-16.750000 11.500000 -1.000000   -25.750000 -4.500000 -1.000000   -25.750000 2.000000 -1.000000
-30.250000 -11.500000 -1.000000   -25.750000 11.500000 -1.000000   -25.750000 -11.500000 -1.000000
-25.750000 11.500000 -1.000000   -30.250000 -11.500000 -1.000000   -30.250000 11.500000 -1.000000
-2.750000 7.500000 -1.000000   -2.750000 -11.500000 -1.000000   -7.250000 -11.500000 -1.000000
9.250000 0.500000 -1.000000   9.750000 7.000000 -1.000000   10.250000 4.500000 -1.000000
9.250000 0.500000 -1.000000   8.750000 9.000000 -1.000000   9.750000 7.000000 -1.000000
7.750000 -1.500000 -1.000000   8.750000 9.000000 -1.000000   9.250000 0.500000 -1.000000
7.750000 -1.500000 -1.000000   7.250000 10.500000 -1.000000   8.750000 9.000000 -1.000000
7.750000 -1.500000 -1.000000   5.750000 4.000000 -1.000000   7.250000 10.500000 -1.000000
5.250000 -2.500000 -1.000000   5.750000 4.000000 -1.000000   7.750000 -1.500000 -1.000000
5.250000 -2.500000 -1.000000   5.250000 2.500000 -1.000000   5.750000 4.000000 -1.000000
5.250000 -2.500000 -1.000000   3.750000 1.500000 -1.000000   5.250000 2.500000 -1.000000
3.250000 -3.000000 -1.000000   3.750000 1.500000 -1.000000   5.250000 -2.500000 -1.000000
3.250000 -3.000000 -1.000000   2.250000 1.000000 -1.000000   3.750000 1.500000 -1.000000
0.250000 -3.000000 -1.000000   2.250000 1.000000 -1.000000   3.250000 -3.000000 -1.000000
0.250000 -3.000000 -1.000000   -0.250000 1.000000 -1.000000   2.250000 1.000000 -1.000000
-2.750000 -3.000000 -1.000000   -0.250000 1.000000 -1.000000   0.250000 -3.000000 -1.000000
-0.250000 1.000000 -1.000000   -2.750000 -3.000000 -1.000000   -2.750000 1.000000 -1.000000
5.750000 4.000000 -1.000000   5.750000 11.000000 -1.000000   7.250000 10.500000 -1.000000
5.250000 6.500000 -1.000000   5.750000 11.000000 -1.000000   5.750000 4.000000 -1.000000
5.250000 6.500000 -1.000000   3.750000 11.500000 -1.000000   5.750000 11.000000 -1.000000
3.250000 7.500000 -1.000000   3.750000 11.500000 -1.000000   5.250000 6.500000 -1.000000
1.750000 7.500000 -1.000000   3.750000 11.500000 -1.000000   3.250000 7.500000 -1.000000
1.750000 7.500000 -1.000000   0.250000 11.500000 -1.000000   3.750000 11.500000 -1.000000
-0.250000 7.500000 -1.000000   0.250000 11.500000 -1.000000   1.750000 7.500000 -1.000000
-2.750000 7.500000 -1.000000   0.250000 11.500000 -1.000000   -0.250000 7.500000 -1.000000
-2.750000 7.500000 -1.000000   -7.250000 11.500000 -1.000000   0.250000 11.500000 -1.000000
-7.250000 11.500000 -1.000000   -2.750000 7.500000 -1.000000   -7.250000 -11.500000 -1.000000
30.250000 -11.500000 -1.000000   18.750000 -7.500000 -1.000000   30.250000 -7.500000 -1.000000
14.250000 -11.500000 -1.000000   18.750000 -7.500000 -1.000000   30.250000 -11.500000 -1.000000
14.250000 -11.500000 -1.000000   18.750000 11.500000 -1.000000   18.750000 -7.500000 -1.000000
18.750000 11.500000 -1.000000   14.250000 -11.500000 -1.000000   14.250000 11.500000 -1.000000
