Torus
0.000000 8.000000 2.000000   3.061468 7.391036 2.000000   3.602664 8.697598 1.414214
0.000000 8.000000 2.000000   3.602664 8.697598 1.414214   0.000000 9.414213 1.414214
0.000000 9.414213 1.414214   3.602664 8.697598 1.414214   3.826835 9.238795 -0.000000
0.000000 9.414213 1.414214   3.826835 9.238795 -0.000000   0.000000 10.000000 -0.000000
0.000000 10.000000 -0.000000   3.826835 9.238795 -0.000000   3.602664 8.697598 -1.414214
0.000000 10.000000 -0.000000   3.602664 8.697598 -1.414214   0.000000 9.414213 -1.414214
0.000000 9.414213 -1.414214   3.602664 8.697598 -1.414214   3.061468 7.391036 -2.000000
0.000000 9.414213 -1.414214   3.061468 7.391036 -2.000000   0.000000 8.000000 -2.000000
0.000000 8.000000 -2.000000   3.061468 7.391036 -2.000000   2.520272 6.084473 -1.414213
0.000000 8.000000 -2.000000   2.520272 6.084473 -1.414213   0.000000 6.585786 -1.414213
0.000000 6.585786 -1.414213   2.520272 6.084473 -1.414213   2.296101 5.543277 0.000000
0.000000 6.585786 -1.414213   2.296101 5.543277 0.000000   0.000000 6.000000 0.000000
0.000000 6.000000 0.000000   2.296101 5.543277 0.000000   2.520272 6.084474 1.414214
0.000000 6.000000 0.000000   2.520272 6.084474 1.414214   0.000000 6.585787 1.414214
0.000000 6.585787 1.414214   2.520272 6.084474 1.414214   3.061468 7.391036 2.000000
0.000000 6.585787 1.414214   3.061468 7.391036 2.000000   0.000000 8.000000 2.000000
3.061468 7.391036 2.000000   5.656854 5.656854 2.000000   6.656854 6.656854 1.414214
3.061468 7.391036 2.000000   6.656854 6.656854 1.414214   3.602664 8.697598 1.414214
3.602664 8.697598 1.414214   6.656854 6.656854 1.414214   7.071068 7.071068 -0.000000
3.602664 8.697598 1.414214   7.071068 7.071068 -0.000000   3.826835 9.238795 -0.000000
3.826835 9.238795 -0.000000   7.071068 7.071068 -0.000000   6.656854 6.656854 -1.414214
3.826835 9.238795 -0.000000   6.656854 6.656854 -1.414214   3.602664 8.697598 -1.414214
3.602664 8.697598 -1.414214   6.656854 6.656854 -1.414214   5.656854 5.656854 -2.000000
3.602664 8.697598 -1.414214   5.656854 5.656854 -2.000000   3.061468 7.391036 -2.000000
3.061468 7.391036 -2.000000   5.656854 5.656854 -2.000000   4.656854 4.656854 -1.414213
3.061468 7.391036 -2.000000   4.656854 4.656854 -1.414213   2.520272 6.084473 -1.414213
2.520272 6.084473 -1.414213   4.656854 4.656854 -1.414213   4.242640 4.242640 0.000000
2.520272 6.084473 -1.414213   4.242640 4.242640 0.000000   2.296101 5.543277 0.000000
2.296101 5.543277 0.000000   4.242640 4.242640 0.000000   4.656855 4.656855 1.414214
2.296101 5.543277 0.000000   4.656855 4.656855 1.414214   2.520272 6.084474 1.414214
2.520272 6.084474 1.414214   4.656855 4.656855 1.414214   5.656854 5.656854 2.000000
2.520272 6.084474 1.414214   5.656854 5.656854 2.000000   3.061468 7.391036 2.000000
5.656854 5.656854 2.000000   7.391037 3.061467 2.000000   8.697599 3.602663 1.414214
5.656854 5.656854 2.000000   8.697599 3.602663 1.414214   6.656854 6.656854 1.414214
6.656854 6.656854 1.414214   8.697599 3.602663 1.414214   9.238795 3.826834 -0.000000
6.656854 6.656854 1.414214   9.238795 3.826834 -0.000000   7.071068 7.071068 -0.000000
7.071068 7.071068 -0.000000   9.238795 3.826834 -0.000000   8.697599 3.602663 -1.414214
7.071068 7.071068 -0.000000   8.697599 3.602663 -1.414214   6.656854 6.656854 -1.414214
6.656854 6.656854 -1.414214   8.697599 3.602663 -1.414214   7.391037 3.061467 -2.000000
6.656854 6.656854 -1.414214   7.391037 3.061467 -2.000000   5.656854 5.656854 -2.000000
5.656854 5.656854 -2.000000   7.391037 3.061467 -2.000000   6.084474 2.520271 -1.414213
5.656854 5.656854 -2.000000   6.084474 2.520271 -1.414213   4.656854 4.656854 -1.414213
4.656854 4.656854 -1.414213   6.084474 2.520271 -1.414213   5.543277 2.296100 0.000000
4.656854 4.656854 -1.414213   5.543277 2.296100 0.000000   4.242640 4.242640 0.000000
4.242640 4.242640 0.000000   5.543277 2.296100 0.000000   6.084474 2.520271 1.414214
4.242640 4.242640 0.000000   6.084474 2.520271 1.414214   4.656855 4.656855 1.414214
4.656855 4.656855 1.414214   6.084474 2.520271 1.414214   7.391037 3.061467 2.000000
4.656855 4.656855 1.414214   7.391037 3.061467 2.000000   5.656854 5.656854 2.000000
7.391037 3.061467 2.000000   8.000000 -0.000000 2.000000   9.414213 -0.000000 1.414214
7.391037 3.061467 2.000000   9.414213 -0.000000 1.414214   8.697599 3.602663 1.414214
8.697599 3.602663 1.414214   9.414213 -0.000000 1.414214   10.000000 -0.000000 -0.000000
8.697599 3.602663 1.414214   10.000000 -0.000000 -0.000000   9.238795 3.826834 -0.000000
9.238795 3.826834 -0.000000   10.000000 -0.000000 -0.000000   9.414213 -0.000000 -1.414214
9.238795 3.826834 -0.000000   9.414213 -0.000000 -1.414214   8.697599 3.602663 -1.414214
8.697599 3.602663 -1.414214   9.414213 -0.000000 -1.414214   8.000000 -0.000000 -2.000000
8.697599 3.602663 -1.414214   8.000000 -0.000000 -2.000000   7.391037 3.061467 -2.000000
7.391037 3.061467 -2.000000   8.000000 -0.000000 -2.000000   6.585786 -0.000000 -1.414213
7.391037 3.061467 -2.000000   6.585786 -0.000000 -1.414213   6.084474 2.520271 -1.414213
6.084474 2.520271 -1.414213   6.585786 -0.000000 -1.414213   6.000000 -0.000000 0.000000
6.084474 2.520271 -1.414213   6.000000 -0.000000 0.000000   5.543277 2.296100 0.000000
5.543277 2.296100 0.000000   6.000000 -0.000000 0.000000   6.585787 -0.000000 1.414214
5.543277 2.296100 0.000000   6.585787 -0.000000 1.414214   6.084474 2.520271 1.414214
6.084474 2.520271 1.414214   6.585787 -0.000000 1.414214   8.000000 -0.000000 2.000000
6.084474 2.520271 1.414214   8.000000 -0.000000 2.000000   7.391037 3.061467 2.000000
8.000000 -0.000000 2.000000   7.391036 -3.061468 2.000000   8.697598 -3.602664 1.414214
8.000000 -0.000000 2.000000   8.697598 -3.602664 1.414214   9.414213 -0.000000 1.414214
9.414213 -0.000000 1.414214   8.697598 -3.602664 1.414214   9.238795 -3.826835 -0.000000
9.414213 -0.000000 1.414214   9.238795 -3.826835 -0.000000   10.000000 -0.000000 -0.000000
10.000000 -0.000000 -0.000000   9.238795 -3.826835 -0.000000   8.697598 -3.602664 -1.414214
10.000000 -0.000000 -0.000000   8.697598 -3.602664 -1.414214   9.414213 -0.000000 -1.414214
9.414213 -0.000000 -1.414214   8.697598 -3.602664 -1.414214   7.391036 -3.061468 -2.000000
9.414213 -0.000000 -1.414214   7.391036 -3.061468 -2.000000   8.000000 -0.000000 -2.000000
8.000000 -0.000000 -2.000000   7.391036 -3.061468 -2.000000   6.084473 -2.520272 -1.414213
8.000000 -0.000000 -2.000000   6.084473 -2.520272 -1.414213   6.585786 -0.000000 -1.414213
6.585786 -0.000000 -1.414213   6.084473 -2.520272 -1.414213   5.543277 -2.296101 0.000000
6.585786 -0.000000 -1.414213   5.543277 -2.296101 0.000000   6.000000 -0.000000 0.000000
6.000000 -0.000000 0.000000   5.543277 -2.296101 0.000000   6.084474 -2.520272 1.414214
6.000000 -0.000000 0.000000   6.084474 -2.520272 1.414214   6.585787 -0.000000 1.414214
6.585787 -0.000000 1.414214   6.084474 -2.520272 1.414214   7.391036 -3.061468 2.000000
6.585787 -0.000000 1.414214   7.391036 -3.061468 2.000000   8.000000 -0.000000 2.000000
7.391036 -3.061468 2.000000   5.656854 -5.656855 2.000000   6.656853 -6.656855 1.414214
7.391036 -3.061468 2.000000   6.656853 -6.656855 1.414214   8.697598 -3.602664 1.414214
8.697598 -3.602664 1.414214   6.656853 -6.656855 1.414214   7.071067 -7.071068 -0.000000
8.697598 -3.602664 1.414214   7.071067 -7.071068 -0.000000   9.238795 -3.826835 -0.000000
9.238795 -3.826835 -0.000000   7.071067 -7.071068 -0.000000   6.656853 -6.656855 -1.414214
9.238795 -3.826835 -0.000000   6.656853 -6.656855 -1.414214   8.697598 -3.602664 -1.414214
8.697598 -3.602664 -1.414214   6.656853 -6.656855 -1.414214   5.656854 -5.656855 -2.000000
8.697598 -3.602664 -1.414214   5.656854 -5.656855 -2.000000   7.391036 -3.061468 -2.000000
7.391036 -3.061468 -2.000000   5.656854 -5.656855 -2.000000   4.656854 -4.656855 -1.414213
7.391036 -3.061468 -2.000000   4.656854 -4.656855 -1.414213   6.084473 -2.520272 -1.414213
6.084473 -2.520272 -1.414213   4.656854 -4.656855 -1.414213   4.242640 -4.242641 0.000000
6.084473 -2.520272 -1.414213   4.242640 -4.242641 0.000000   5.543277 -2.296101 0.000000
5.543277 -2.296101 0.000000   4.242640 -4.242641 0.000000   4.656854 -4.656855 1.414214
5.543277 -2.296101 0.000000   4.656854 -4.656855 1.414214   6.084474 -2.520272 1.414214
6.084474 -2.520272 1.414214   4.656854 -4.656855 1.414214   5.656854 -5.656855 2.000000
6.084474 -2.520272 1.414214   5.656854 -5.656855 2.000000   7.391036 -3.061468 2.000000
5.656854 -5.656855 2.000000   3.061467 -7.391037 2.000000   3.602663 -8.697599 1.414214
5.656854 -5.656855 2.000000   3.602663 -8.697599 1.414214   6.656853 -6.656855 1.414214
6.656853 -6.656855 1.414214   3.602663 -8.697599 1.414214   3.826834 -9.238795 -0.000000
6.656853 -6.656855 1.414214   3.826834 -9.238795 -0.000000   7.071067 -7.071068 -0.000000
7.071067 -7.071068 -0.000000   3.826834 -9.238795 -0.000000   3.602663 -8.697599 -1.414214
7.071067 -7.071068 -0.000000   3.602663 -8.697599 -1.414214   6.656853 -6.656855 -1.414214
6.656853 -6.656855 -1.414214   3.602663 -8.697599 -1.414214   3.061467 -7.391037 -2.000000
6.656853 -6.656855 -1.414214   3.061467 -7.391037 -2.000000   5.656854 -5.656855 -2.000000
5.656854 -5.656855 -2.000000   3.061467 -7.391037 -2.000000   2.520271 -6.084474 -1.414213
5.656854 -5.656855 -2.000000   2.520271 -6.084474 -1.414213   4.656854 -4.656855 -1.414213
4.656854 -4.656855 -1.414213   2.520271 -6.084474 -1.414213   2.296100 -5.543277 0.000000
4.656854 -4.656855 -1.414213   2.296100 -5.543277 0.000000   4.242640 -4.242641 0.000000
4.242640 -4.242641 0.000000   2.296100 -5.543277 0.000000   2.520271 -6.084474 1.414214
4.242640 -4.242641 0.000000   2.520271 -6.084474 1.414214   4.656854 -4.656855 1.414214
4.656854 -4.656855 1.414214   2.520271 -6.084474 1.414214   3.061467 -7.391037 2.000000
4.656854 -4.656855 1.414214   3.061467 -7.391037 2.000000   5.656854 -5.656855 2.000000
3.061467 -7.391037 2.000000   -0.000001 -8.000000 2.000000   -0.000001 -9.414213 1.414214
3.061467 -7.391037 2.000000   -0.000001 -9.414213 1.414214   3.602663 -8.697599 1.414214
3.602663 -8.697599 1.414214   -0.000001 -9.414213 1.414214   -0.000001 -10.000000 -0.000000
3.602663 -8.697599 1.414214   -0.000001 -10.000000 -0.000000   3.826834 -9.238795 -0.000000
3.826834 -9.238795 -0.000000   -0.000001 -10.000000 -0.000000   -0.000001 -9.414213 -1.414214
3.826834 -9.238795 -0.000000   -0.000001 -9.414213 -1.414214   3.602663 -8.697599 -1.414214
3.602663 -8.697599 -1.414214   -0.000001 -9.414213 -1.414214   -0.000001 -8.000000 -2.000000
3.602663 -8.697599 -1.414214   -0.000001 -8.000000 -2.000000   3.061467 -7.391037 -2.000000
3.061467 -7.391037 -2.000000   -0.000001 -8.000000 -2.000000   -0.000001 -6.585786 -1.414213
3.061467 -7.391037 -2.000000   -0.000001 -6.585786 -1.414213   2.520271 -6.084474 -1.414213
2.520271 -6.084474 -1.414213   -0.000001 -6.585786 -1.414213   -0.000001 -6.000000 0.000000
2.520271 -6.084474 -1.414213   -0.000001 -6.000000 0.000000   2.296100 -5.543277 0.000000
2.296100 -5.543277 0.000000   -0.000001 -6.000000 0.000000   -0.000001 -6.585787 1.414214
2.296100 -5.543277 0.000000   -0.000001 -6.585787 1.414214   2.520271 -6.084474 1.414214
2.520271 -6.084474 1.414214   -0.000001 -6.585787 1.414214   -0.000001 -8.000000 2.000000
2.520271 -6.084474 1.414214   -0.000001 -8.000000 2.000000   3.061467 -7.391037 2.000000
-0.000001 -8.000000 2.000000   -3.061468 -7.391036 2.000000   -3.602664 -8.697598 1.414214
-0.000001 -8.000000 2.000000   -3.602664 -8.697598 1.414214   -0.000001 -9.414213 1.414214
-0.000001 -9.414213 1.414214   -3.602664 -8.697598 1.414214   -3.826835 -9.238795 -0.000000
-0.000001 -9.414213 1.414214   -3.826835 -9.238795 -0.000000   -0.000001 -10.000000 -0.000000
-0.000001 -10.000000 -0.000000   -3.826835 -9.238795 -0.000000   -3.602664 -8.697598 -1.414214
-0.000001 -10.000000 -0.000000   -3.602664 -8.697598 -1.414214   -0.000001 -9.414213 -1.414214
-0.000001 -9.414213 -1.414214   -3.602664 -8.697598 -1.414214   -3.061468 -7.391036 -2.000000
-0.000001 -9.414213 -1.414214   -3.061468 -7.391036 -2.000000   -0.000001 -8.000000 -2.000000
-0.000001 -8.000000 -2.000000   -3.061468 -7.391036 -2.000000   -2.520272 -6.084473 -1.414213
-0.000001 -8.000000 -2.000000   -2.520272 -6.084473 -1.414213   -0.000001 -6.585786 -1.414213
-0.000001 -6.585786 -1.414213   -2.520272 -6.084473 -1.414213   -2.296101 -5.543277 0.000000
-0.000001 -6.585786 -1.414213   -2.296101 -5.543277 0.000000   -0.000001 -6.000000 0.000000
-0.000001 -6.000000 0.000000   -2.296101 -5.543277 0.000000   -2.520272 -6.084474 1.414214
-0.000001 -6.000000 0.000000   -2.520272 -6.084474 1.414214   -0.000001 -6.585787 1.414214
-0.000001 -6.585787 1.414214   -2.520272 -6.084474 1.414214   -3.061468 -7.391036 2.000000
-0.000001 -6.585787 1.414214   -3.061468 -7.391036 2.000000   -0.000001 -8.000000 2.000000
-3.061468 -7.391036 2.000000   -5.656855 -5.656854 2.000000   -6.656855 -6.656853 1.414214
-3.061468 -7.391036 2.000000   -6.656855 -6.656853 1.414214   -3.602664 -8.697598 1.414214
-3.602664 -8.697598 1.414214   -6.656855 -6.656853 1.414214   -7.071068 -7.071067 -0.000000
-3.602664 -8.697598 1.414214   -7.071068 -7.071067 -0.000000   -3.826835 -9.238795 -0.000000
-3.826835 -9.238795 -0.000000   -7.071068 -7.071067 -0.000000   -6.656855 -6.656853 -1.414214
-3.826835 -9.238795 -0.000000   -6.656855 -6.656853 -1.414214   -3.602664 -8.697598 -1.414214
-3.602664 -8.697598 -1.414214   -6.656855 -6.656853 -1.414214   -5.656855 -5.656854 -2.000000
-3.602664 -8.697598 -1.414214   -5.656855 -5.656854 -2.000000   -3.061468 -7.391036 -2.000000
-3.061468 -7.391036 -2.000000   -5.656855 -5.656854 -2.000000   -4.656855 -4.656854 -1.414213
-3.061468 -7.391036 -2.000000   -4.656855 -4.656854 -1.414213   -2.520272 -6.084473 -1.414213
-2.520272 -6.084473 -1.414213   -4.656855 -4.656854 -1.414213   -4.242641 -4.242640 0.000000
-2.520272 -6.084473 -1.414213   -4.242641 -4.242640 0.000000   -2.296101 -5.543277 0.000000
-2.296101 -5.543277 0.000000   -4.242641 -4.242640 0.000000   -4.656855 -4.656854 1.414214
-2.296101 -5.543277 0.000000   -4.656855 -4.656854 1.414214   -2.520272 -6.084474 1.414214
-2.520272 -6.084474 1.414214   -4.656855 -4.656854 1.414214   -5.656855 -5.656854 2.000000
-2.520272 -6.084474 1.414214   -5.656855 -5.656854 2.000000   -3.061468 -7.391036 2.000000
-5.656855 -5.656854 2.000000   -7.391037 -3.061466 2.000000   -8.697599 -3.602662 1.414214
-5.656855 -5.656854 2.000000   -8.697599 -3.602662 1.414214   -6.656855 -6.656853 1.414214
-6.656855 -6.656853 1.414214   -8.697599 -3.602662 1.414214   -9.238795 -3.826833 -0.000000
-6.656855 -6.656853 1.414214   -9.238795 -3.826833 -0.000000   -7.071068 -7.071067 -0.000000
-7.071068 -7.071067 -0.000000   -9.238795 -3.826833 -0.000000   -8.697599 -3.602662 -1.414214
-7.071068 -7.071067 -0.000000   -8.697599 -3.602662 -1.414214   -6.656855 -6.656853 -1.414214
-6.656855 -6.656853 -1.414214   -8.697599 -3.602662 -1.414214   -7.391037 -3.061466 -2.000000
-6.656855 -6.656853 -1.414214   -7.391037 -3.061466 -2.000000   -5.656855 -5.656854 -2.000000
-5.656855 -5.656854 -2.000000   -7.391037 -3.061466 -2.000000   -6.084474 -2.520271 -1.414213
-5.656855 -5.656854 -2.000000   -6.084474 -2.520271 -1.414213   -4.656855 -4.656854 -1.414213
-4.656855 -4.656854 -1.414213   -6.084474 -2.520271 -1.414213   -5.543277 -2.296100 0.000000
-4.656855 -4.656854 -1.414213   -5.543277 -2.296100 0.000000   -4.242641 -4.242640 0.000000
-4.242641 -4.242640 0.000000   -5.543277 -2.296100 0.000000   -6.084474 -2.520271 1.414214
-4.242641 -4.242640 0.000000   -6.084474 -2.520271 1.414214   -4.656855 -4.656854 1.414214
-4.656855 -4.656854 1.414214   -6.084474 -2.520271 1.414214   -7.391037 -3.061466 2.000000
-4.656855 -4.656854 1.414214   -7.391037 -3.061466 2.000000   -5.656855 -5.656854 2.000000
-7.391037 -3.061466 2.000000   -8.000000 0.000001 2.000000   -9.414213 0.000001 1.414214
-7.391037 -3.061466 2.000000   -9.414213 0.000001 1.414214   -8.697599 -3.602662 1.414214
-8.697599 -3.602662 1.414214   -9.414213 0.000001 1.414214   -10.000000 0.000001 -0.000000
-8.697599 -3.602662 1.414214   -10.000000 0.000001 -0.000000   -9.238795 -3.826833 -0.000000
-9.238795 -3.826833 -0.000000   -10.000000 0.000001 -0.000000   -9.414213 0.000001 -1.414214
-9.238795 -3.826833 -0.000000   -9.414213 0.000001 -1.414214   -8.697599 -3.602662 -1.414214
-8.697599 -3.602662 -1.414214   -9.414213 0.000001 -1.414214   -8.000000 0.000001 -2.000000
-8.697599 -3.602662 -1.414214   -8.000000 0.000001 -2.000000   -7.391037 -3.061466 -2.000000
-7.391037 -3.061466 -2.000000   -8.000000 0.000001 -2.000000   -6.585786 0.000001 -1.414213
-7.391037 -3.061466 -2.000000   -6.585786 0.000001 -1.414213   -6.084474 -2.520271 -1.414213
-6.084474 -2.520271 -1.414213   -6.585786 0.000001 -1.414213   -6.000000 0.000001 0.000000
-6.084474 -2.520271 -1.414213   -6.000000 0.000001 0.000000   -5.543277 -2.296100 0.000000
-5.543277 -2.296100 0.000000   -6.000000 0.000001 0.000000   -6.585787 0.000001 1.414214
-5.543277 -2.296100 0.000000   -6.585787 0.000001 1.414214   -6.084474 -2.520271 1.414214
-6.084474 -2.520271 1.414214   -6.585787 0.000001 1.414214   -8.000000 0.000001 2.000000
-6.084474 -2.520271 1.414214   -8.000000 0.000001 2.000000   -7.391037 -3.061466 2.000000
-8.000000 0.000001 2.000000   -7.391036 3.061469 2.000000   -8.697598 3.602665 1.414214
-8.000000 0.000001 2.000000   -8.697598 3.602665 1.414214   -9.414213 0.000001 1.414214
-9.414213 0.000001 1.414214   -8.697598 3.602665 1.414214   -9.238795 3.826836 -0.000000
-9.414213 0.000001 1.414214   -9.238795 3.826836 -0.000000   -10.000000 0.000001 -0.000000
-10.000000 0.000001 -0.000000   -9.238795 3.826836 -0.000000   -8.697598 3.602665 -1.414214
-10.000000 0.000001 -0.000000   -8.697598 3.602665 -1.414214   -9.414213 0.000001 -1.414214
-9.414213 0.000001 -1.414214   -8.697598 3.602665 -1.414214   -7.391036 3.061469 -2.000000
-9.414213 0.000001 -1.414214   -7.391036 3.061469 -2.000000   -8.000000 0.000001 -2.000000
-8.000000 0.000001 -2.000000   -7.391036 3.061469 -2.000000   -6.084473 2.520272 -1.414213
-8.000000 0.000001 -2.000000   -6.084473 2.520272 -1.414213   -6.585786 0.000001 -1.414213
-6.585786 0.000001 -1.414213   -6.084473 2.520272 -1.414213   -5.543277 2.296102 0.000000
-6.585786 0.000001 -1.414213   -5.543277 2.296102 0.000000   -6.000000 0.000001 0.000000
-6.000000 0.000001 0.000000   -5.543277 2.296102 0.000000   -6.084474 2.520272 1.414214
-6.000000 0.000001 0.000000   -6.084474 2.520272 1.414214   -6.585787 0.000001 1.414214
-6.585787 0.000001 1.414214   -6.084474 2.520272 1.414214   -7.391036 3.061469 2.000000
-6.585787 0.000001 1.414214   -7.391036 3.061469 2.000000   -8.000000 0.000001 2.000000
-7.391036 3.061469 2.000000   -5.656853 5.656855 2.000000   -6.656853 6.656855 1.414214
-7.391036 3.061469 2.000000   -6.656853 6.656855 1.414214   -8.697598 3.602665 1.414214
-8.697598 3.602665 1.414214   -6.656853 6.656855 1.414214   -7.071066 7.071069 -0.000000
-8.697598 3.602665 1.414214   -7.071066 7.071069 -0.000000   -9.238795 3.826836 -0.000000
-9.238795 3.826836 -0.000000   -7.071066 7.071069 -0.000000   -6.656853 6.656855 -1.414214
-9.238795 3.826836 -0.000000   -6.656853 6.656855 -1.414214   -8.697598 3.602665 -1.414214
-8.697598 3.602665 -1.414214   -6.656853 6.656855 -1.414214   -5.656853 5.656855 -2.000000
-8.697598 3.602665 -1.414214   -5.656853 5.656855 -2.000000   -7.391036 3.061469 -2.000000
-7.391036 3.061469 -2.000000   -5.656853 5.656855 -2.000000   -4.656853 4.656855 -1.414213
-7.391036 3.061469 -2.000000   -4.656853 4.656855 -1.414213   -6.084473 2.520272 -1.414213
-6.084473 2.520272 -1.414213   -4.656853 4.656855 -1.414213   -4.242640 4.242641 0.000000
-6.084473 2.520272 -1.414213   -4.242640 4.242641 0.000000   -5.543277 2.296102 0.000000
-5.543277 2.296102 0.000000   -4.242640 4.242641 0.000000   -4.656854 4.656855 1.414214
-5.543277 2.296102 0.000000   -4.656854 4.656855 1.414214   -6.084474 2.520272 1.414214
-6.084474 2.520272 1.414214   -4.656854 4.656855 1.414214   -5.656853 5.656855 2.000000
-6.084474 2.520272 1.414214   -5.656853 5.656855 2.000000   -7.391036 3.061469 2.000000
-5.656853 5.656855 2.000000   -3.061466 7.391037 2.000000   -3.602662 8.697599 1.414214
-5.656853 5.656855 2.000000   -3.602662 8.697599 1.414214   -6.656853 6.656855 1.414214
-6.656853 6.656855 1.414214   -3.602662 8.697599 1.414214   -3.826833 9.238796 -0.000000
-6.656853 6.656855 1.414214   -3.826833 9.238796 -0.000000   -7.071066 7.071069 -0.000000
-7.071066 7.071069 -0.000000   -3.826833 9.238796 -0.000000   -3.602662 8.697599 -1.414214
-7.071066 7.071069 -0.000000   -3.602662 8.697599 -1.414214   -6.656853 6.656855 -1.414214
-6.656853 6.656855 -1.414214   -3.602662 8.697599 -1.414214   -3.061466 7.391037 -2.000000
-6.656853 6.656855 -1.414214   -3.061466 7.391037 -2.000000   -5.656853 5.656855 -2.000000
-5.656853 5.656855 -2.000000   -3.061466 7.391037 -2.000000   -2.520270 6.084474 -1.414213
-5.656853 5.656855 -2.000000   -2.520270 6.084474 -1.414213   -4.656853 4.656855 -1.414213
-4.656853 4.656855 -1.414213   -2.520270 6.084474 -1.414213   -2.296100 5.543278 0.000000
-4.656853 4.656855 -1.414213   -2.296100 5.543278 0.000000   -4.242640 4.242641 0.000000
-4.242640 4.242641 0.000000   -2.296100 5.543278 0.000000   -2.520271 6.084474 1.414214
-4.242640 4.242641 0.000000   -2.520271 6.084474 1.414214   -4.656854 4.656855 1.414214
-4.656854 4.656855 1.414214   -2.520271 6.084474 1.414214   -3.061466 7.391037 2.000000
-4.656854 4.656855 1.414214   -3.061466 7.391037 2.000000   -5.656853 5.656855 2.000000
-3.061466 7.391037 2.000000   0.000000 8.000000 2.000000   0.000000 9.414213 1.414214
-3.061466 7.391037 2.000000   0.000000 9.414213 1.414214   -3.602662 8.697599 1.414214
-3.602662 8.697599 1.414214   0.000000 9.414213 1.414214   0.000000 10.000000 -0.000000
-3.602662 8.697599 1.414214   0.000000 10.000000 -0.000000   -3.826833 9.238796 -0.000000
-3.826833 9.238796 -0.000000   0.000000 10.000000 -0.000000   0.000000 9.414213 -1.414214
-3.826833 9.238796 -0.000000   0.000000 9.414213 -1.414214   -3.602662 8.697599 -1.414214
-3.602662 8.697599 -1.414214   0.000000 9.414213 -1.414214   0.000000 8.000000 -2.000000
-3.602662 8.697599 -1.414214   0.000000 8.000000 -2.000000   -3.061466 7.391037 -2.000000
-3.061466 7.391037 -2.000000   0.000000 8.000000 -2.000000   0.000000 6.585786 -1.414213
-3.061466 7.391037 -2.000000   0.000000 6.585786 -1.414213   -2.520270 6.084474 -1.414213
-2.520270 6.084474 -1.414213   0.000000 6.585786 -1.414213   0.000000 6.000000 0.000000
-2.520270 6.084474 -1.414213   0.000000 6.000000 0.000000   -2.296100 5.543278 0.000000
-2.296100 5.543278 0.000000   0.000000 6.000000 0.000000   0.000000 6.585787 1.414214
-2.296100 5.543278 0.000000   0.000000 6.585787 1.414214   -2.520271 6.084474 1.414214
-2.520271 6.084474 1.414214   0.000000 6.585787 1.414214   0.000000 8.000000 2.000000
-2.520271 6.084474 1.414214   0.000000 8.000000 2.000000   -3.061466 7.391037 2.000000
