Sphere
0.000000 10.000000 0.000000   0.000000 9.238795 3.826834   1.464466 9.238795 3.535534
0.000000 10.000000 0.000000   1.464466 9.238795 3.535534   2.705981 9.238795 2.705981
0.000000 10.000000 0.000000   2.705981 9.238795 2.705981   3.535534 9.238795 1.464466
0.000000 10.000000 0.000000   3.535534 9.238795 1.464466   3.826834 9.238795 -0.000000
0.000000 10.000000 0.000000   3.826834 9.238795 -0.000000   3.535534 9.238795 -1.464466
0.000000 10.000000 0.000000   3.535534 9.238795 -1.464466   2.705980 9.238795 -2.705981
0.000000 10.000000 0.000000   2.705980 9.238795 -2.705981   1.464466 9.238795 -3.535534
0.000000 10.000000 0.000000   1.464466 9.238795 -3.535534   -0.000000 9.238795 -3.826834
0.000000 10.000000 0.000000   -0.000000 9.238795 -3.826834   -1.464466 9.238795 -3.535534
0.000000 10.000000 0.000000   -1.464466 9.238795 -3.535534   -2.705981 9.238795 -2.705980
0.000000 10.000000 0.000000   -2.705981 9.238795 -2.705980   -3.535534 9.238795 -1.464466
0.000000 10.000000 0.000000   -3.535534 9.238795 -1.464466   -3.826834 9.238795 0.000001
0.000000 10.000000 0.000000   -3.826834 9.238795 0.000001   -3.535534 9.238795 1.464467
0.000000 10.000000 0.000000   -3.535534 9.238795 1.464467   -2.705980 9.238795 2.705981
0.000000 10.000000 0.000000   -2.705980 9.238795 2.705981   -1.464466 9.238795 3.535534
0.000000 10.000000 0.000000   -1.464466 9.238795 3.535534   0.000000 9.238795 3.826834
1.464466 9.238795 3.535534   0.000000 9.238795 3.826834   2.705981 7.071068 6.532815
0.000000 9.238795 3.826834   0.000000 7.071068 7.071068   2.705981 7.071068 6.532815
2.705981 9.238795 2.705981   1.464466 9.238795 3.535534   5.000000 7.071068 5.000000
1.464466 9.238795 3.535534   2.705981 7.071068 6.532815   5.000000 7.071068 5.000000
3.535534 9.238795 1.464466   2.705981 9.238795 2.705981   6.532815 7.071068 2.705980
2.705981 9.238795 2.705981   5.000000 7.071068 5.000000   6.532815 7.071068 2.705980
3.826834 9.238795 -0.000000   3.535534 9.238795 1.464466   7.071068 7.071068 -0.000000
3.535534 9.238795 1.464466   6.532815 7.071068 2.705980   7.071068 7.071068 -0.000000
3.535534 9.238795 -1.464466   3.826834 9.238795 -0.000000   6.532815 7.071068 -2.705981
3.826834 9.238795 -0.000000   7.071068 7.071068 -0.000000   6.532815 7.071068 -2.705981
2.705980 9.238795 -2.705981   3.535534 9.238795 -1.464466   5.000000 7.071068 -5.000000
3.535534 9.238795 -1.464466   6.532815 7.071068 -2.705981   5.000000 7.071068 -5.000000
1.464466 9.238795 -3.535534   2.705980 9.238795 -2.705981   2.705980 7.071068 -6.532815
2.705980 9.238795 -2.705981   5.000000 7.071068 -5.000000   2.705980 7.071068 -6.532815
-0.000000 9.238795 -3.826834   1.464466 9.238795 -3.535534   -0.000001 7.071068 -7.071068
1.464466 9.238795 -3.535534   2.705980 7.071068 -6.532815   -0.000001 7.071068 -7.071068
-1.464466 9.238795 -3.535534   -0.000000 9.238795 -3.826834   -2.705981 7.071068 -6.532815
-0.000000 9.238795 -3.826834   -0.000001 7.071068 -7.071068   -2.705981 7.071068 -6.532815
-2.705981 9.238795 -2.705980   -1.464466 9.238795 -3.535534   -5.000000 7.071068 -5.000000
-1.464466 9.238795 -3.535534   -2.705981 7.071068 -6.532815   -5.000000 7.071068 -5.000000
-3.535534 9.238795 -1.464466   -2.705981 9.238795 -2.705980   -6.532815 7.071068 -2.705980
-2.705981 9.238795 -2.705980   -5.000000 7.071068 -5.000000   -6.532815 7.071068 -2.705980
-3.826834 9.238795 0.000001   -3.535534 9.238795 -1.464466   -7.071068 7.071068 0.000001
-3.535534 9.238795 -1.464466   -6.532815 7.071068 -2.705980   -7.071068 7.071068 0.000001
-3.535534 9.238795 1.464467   -3.826834 9.238795 0.000001   -6.532815 7.071068 2.705981
-3.826834 9.238795 0.000001   -7.071068 7.071068 0.000001   -6.532815 7.071068 2.705981
-2.705980 9.238795 2.705981   -3.535534 9.238795 1.464467   -4.999999 7.071068 5.000001
-3.535534 9.238795 1.464467   -6.532815 7.071068 2.705981   -4.999999 7.071068 5.000001
-1.464466 9.238795 3.535534   -2.705980 9.238795 2.705981   -2.705979 7.071068 6.532815
-2.705980 9.238795 2.705981   -4.999999 7.071068 5.000001   -2.705979 7.071068 6.532815
0.000000 9.238795 3.826834   -1.464466 9.238795 3.535534   0.000000 7.071068 7.071068
-1.464466 9.238795 3.535534   -2.705979 7.071068 6.532815   0.000000 7.071068 7.071068
2.705981 7.071068 6.532815   0.000000 7.071068 7.071068   3.535534 3.826834 8.535534
0.000000 7.071068 7.071068   0.000000 3.826834 9.238795   3.535534 3.826834 8.535534
5.000000 7.071068 5.000000   2.705981 7.071068 6.532815   6.532815 3.826834 6.532815
2.705981 7.071068 6.532815   3.535534 3.826834 8.535534   6.532815 3.826834 6.532815
6.532815 7.071068 2.705980   5.000000 7.071068 5.000000   8.535534 3.826834 3.535534
5.000000 7.071068 5.000000   6.532815 3.826834 6.532815   8.535534 3.826834 3.535534
7.071068 7.071068 -0.000000   6.532815 7.071068 2.705980   9.238795 3.826834 -0.000000
6.532815 7.071068 2.705980   8.535534 3.826834 3.535534   9.238795 3.826834 -0.000000
6.532815 7.071068 -2.705981   7.071068 7.071068 -0.000000   8.535534 3.826834 -3.535534
7.071068 7.071068 -0.000000   9.238795 3.826834 -0.000000   8.535534 3.826834 -3.535534
5.000000 7.071068 -5.000000   6.532815 7.071068 -2.705981   6.532815 3.826834 -6.532815
6.532815 7.071068 -2.705981   8.535534 3.826834 -3.535534   6.532815 3.826834 -6.532815
2.705980 7.071068 -6.532815   5.000000 7.071068 -5.000000   3.535533 3.826834 -8.535534
5.000000 7.071068 -5.000000   6.532815 3.826834 -6.532815   3.535533 3.826834 -8.535534
-0.000001 7.071068 -7.071068   2.705980 7.071068 -6.532815   -0.000001 3.826834 -9.238795
2.705980 7.071068 -6.532815   3.535533 3.826834 -8.535534   -0.000001 3.826834 -9.238795
-2.705981 7.071068 -6.532815   -0.000001 7.071068 -7.071068   -3.535535 3.826834 -8.535534
-0.000001 7.071068 -7.071068   -0.000001 3.826834 -9.238795   -3.535535 3.826834 -8.535534
-5.000000 7.071068 -5.000000   -2.705981 7.071068 -6.532815   -6.532815 3.826834 -6.532814
-2.705981 7.071068 -6.532815   -3.535535 3.826834 -8.535534   -6.532815 3.826834 -6.532814
-6.532815 7.071068 -2.705980   -5.000000 7.071068 -5.000000   -8.535534 3.826834 -3.535533
-5.000000 7.071068 -5.000000   -6.532815 3.826834 -6.532814   -8.535534 3.826834 -3.535533
-7.071068 7.071068 0.000001   -6.532815 7.071068 -2.705980   -9.238795 3.826834 0.000001
-6.532815 7.071068 -2.705980   -8.535534 3.826834 -3.535533   -9.238795 3.826834 0.000001
-6.532815 7.071068 2.705981   -7.071068 7.071068 0.000001   -8.535533 3.826834 3.535535
-7.071068 7.071068 0.000001   -9.238795 3.826834 0.000001   -8.535533 3.826834 3.535535
-4.999999 7.071068 5.000001   -6.532815 7.071068 2.705981   -6.532814 3.826834 6.532816
-6.532815 7.071068 2.705981   -8.535533 3.826834 3.535535   -6.532814 3.826834 6.532816
-2.705979 7.071068 6.532815   -4.999999 7.071068 5.000001   -3.535532 3.826834 8.535535
-4.999999 7.071068 5.000001   -6.532814 3.826834 6.532816   -3.535532 3.826834 8.535535
0.000000 7.071068 7.071068   -2.705979 7.071068 6.532815   0.000000 3.826834 9.238795
-2.705979 7.071068 6.532815   -3.535532 3.826834 8.535535   0.000000 3.826834 9.238795
3.535534 3.826834 8.535534   0.000000 3.826834 9.238795   3.826834 -0.000000 9.238795
0.000000 3.826834 9.238795   0.000000 -0.000000 10.000000   3.826834 -0.000000 9.238795
6.532815 3.826834 6.532815   3.535534 3.826834 8.535534   7.071068 -0.000000 7.071068
3.535534 3.826834 8.535534   3.826834 -0.000000 9.238795   7.071068 -0.000000 7.071068
8.535534 3.826834 3.535534   6.532815 3.826834 6.532815   9.238795 -0.000000 3.826834
6.532815 3.826834 6.532815   7.071068 -0.000000 7.071068   9.238795 -0.000000 3.826834
9.238795 3.826834 -0.000000   8.535534 3.826834 3.535534   10.000000 -0.000000 -0.000000
8.535534 3.826834 3.535534   9.238795 -0.000000 3.826834   10.000000 -0.000000 -0.000000
8.535534 3.826834 -3.535534   9.238795 3.826834 -0.000000   9.238795 -0.000000 -3.826835
9.238795 3.826834 -0.000000   10.000000 -0.000000 -0.000000   9.238795 -0.000000 -3.826835
6.532815 3.826834 -6.532815   8.535534 3.826834 -3.535534   7.071067 -0.000000 -7.071068
8.535534 3.826834 -3.535534   9.238795 -0.000000 -3.826835   7.071067 -0.000000 -7.071068
3.535533 3.826834 -8.535534   6.532815 3.826834 -6.532815   3.826834 -0.000000 -9.238795
6.532815 3.826834 -6.532815   7.071067 -0.000000 -7.071068   3.826834 -0.000000 -9.238795
-0.000001 3.826834 -9.238795   3.535533 3.826834 -8.535534   -0.000001 -0.000000 -10.000000
3.535533 3.826834 -8.535534   3.826834 -0.000000 -9.238795   -0.000001 -0.000000 -10.000000
-3.535535 3.826834 -8.535534   -0.000001 3.826834 -9.238795   -3.826835 -0.000000 -9.238795
-0.000001 3.826834 -9.238795   -0.000001 -0.000000 -10.000000   -3.826835 -0.000000 -9.238795
-6.532815 3.826834 -6.532814   -3.535535 3.826834 -8.535534   -7.071069 -0.000000 -7.071067
-3.535535 3.826834 -8.535534   -3.826835 -0.000000 -9.238795   -7.071069 -0.000000 -7.071067
-8.535534 3.826834 -3.535533   -6.532815 3.826834 -6.532814   -9.238796 -0.000000 -3.826833
-6.532815 3.826834 -6.532814   -7.071069 -0.000000 -7.071067   -9.238796 -0.000000 -3.826833
-9.238795 3.826834 0.000001   -8.535534 3.826834 -3.535533   -10.000000 -0.000000 0.000001
-8.535534 3.826834 -3.535533   -9.238796 -0.000000 -3.826833   -10.000000 -0.000000 0.000001
-8.535533 3.826834 3.535535   -9.238795 3.826834 0.000001   -9.238794 -0.000000 3.826836
-9.238795 3.826834 0.000001   -10.000000 -0.000000 0.000001   -9.238794 -0.000000 3.826836
-6.532814 3.826834 6.532816   -8.535533 3.826834 3.535535   -7.071067 -0.000000 7.071069
-8.535533 3.826834 3.535535   -9.238794 -0.000000 3.826836   -7.071067 -0.000000 7.071069
-3.535532 3.826834 8.535535   -6.532814 3.826834 6.532816   -3.826833 -0.000000 9.238796
-6.532814 3.826834 6.532816   -7.071067 -0.000000 7.071069   -3.826833 -0.000000 9.238796
0.000000 3.826834 9.238795   -3.535532 3.826834 8.535535   0.000000 -0.000000 10.000000
-3.535532 3.826834 8.535535   -3.826833 -0.000000 9.238796   0.000000 -0.000000 10.000000
3.826834 -0.000000 9.238795   0.000000 -0.000000 10.000000   3.535534 -3.826835 8.535534
0.000000 -0.000000 10.000000   0.000000 -3.826835 9.238795   3.535534 -3.826835 8.535534
7.071068 -0.000000 7.071068   3.826834 -0.000000 9.238795   6.532815 -3.826835 6.532815
3.826834 -0.000000 9.238795   3.535534 -3.826835 8.535534   6.532815 -3.826835 6.532815
9.238795 -0.000000 3.826834   7.071068 -0.000000 7.071068   8.535534 -3.826835 3.535534
7.071068 -0.000000 7.071068   6.532815 -3.826835 6.532815   8.535534 -3.826835 3.535534
10.000000 -0.000000 -0.000000   9.238795 -0.000000 3.826834   9.238795 -3.826835 -0.000000
9.238795 -0.000000 3.826834   8.535534 -3.826835 3.535534   9.238795 -3.826835 -0.000000
9.238795 -0.000000 -3.826835   10.000000 -0.000000 -0.000000   8.535534 -3.826835 -3.535534
10.000000 -0.000000 -0.000000   9.238795 -3.826835 -0.000000   8.535534 -3.826835 -3.535534
7.071067 -0.000000 -7.071068   9.238795 -0.000000 -3.826835   6.532815 -3.826835 -6.532815
9.238795 -0.000000 -3.826835   8.535534 -3.826835 -3.535534   6.532815 -3.826835 -6.532815
3.826834 -0.000000 -9.238795   7.071067 -0.000000 -7.071068   3.535533 -3.826835 -8.535534
7.071067 -0.000000 -7.071068   6.532815 -3.826835 -6.532815   3.535533 -3.826835 -8.535534
-0.000001 -0.000000 -10.000000   3.826834 -0.000000 -9.238795   -0.000001 -3.826835 -9.238795
3.826834 -0.000000 -9.238795   3.535533 -3.826835 -8.535534   -0.000001 -3.826835 -9.238795
-3.826835 -0.000000 -9.238795   -0.000001 -0.000000 -10.000000   -3.535535 -3.826835 -8.535534
-0.000001 -0.000000 -10.000000   -0.000001 -3.826835 -9.238795   -3.535535 -3.826835 -8.535534
-7.071069 -0.000000 -7.071067   -3.826835 -0.000000 -9.238795   -6.532815 -3.826835 -6.532814
-3.826835 -0.000000 -9.238795   -3.535535 -3.826835 -8.535534   -6.532815 -3.826835 -6.532814
-9.238796 -0.000000 -3.826833   -7.071069 -0.000000 -7.071067   -8.535534 -3.826835 -3.535533
-7.071069 -0.000000 -7.071067   -6.532815 -3.826835 -6.532814   -8.535534 -3.826835 -3.535533
-10.000000 -0.000000 0.000001   -9.238796 -0.000000 -3.826833   -9.238795 -3.826835 0.000001
-9.238796 -0.000000 -3.826833   -8.535534 -3.826835 -3.535533   -9.238795 -3.826835 0.000001
-9.238794 -0.000000 3.826836   -10.000000 -0.000000 0.000001   -8.535533 -3.826835 3.535535
-10.000000 -0.000000 0.000001   -9.238795 -3.826835 0.000001   -8.535533 -3.826835 3.535535
-7.071067 -0.000000 7.071069   -9.238794 -0.000000 3.826836   -6.532814 -3.826835 6.532816
-9.238794 -0.000000 3.826836   -8.535533 -3.826835 3.535535   -6.532814 -3.826835 6.532816
-3.826833 -0.000000 9.238796   -7.071067 -0.000000 7.071069   -3.535532 -3.826835 8.535535
-7.071067 -0.000000 7.071069   -6.532814 -3.826835 6.532816   -3.535532 -3.826835 8.535535
0.000000 -0.000000 10.000000   -3.826833 -0.000000 9.238796   0.000000 -3.826835 9.238795
-3.826833 -0.000000 9.238796   -3.535532 -3.826835 8.535535   0.000000 -3.826835 9.238795
3.535534 -3.826835 8.535534   0.000000 -3.826835 9.238795   2.705980 -7.071068 6.532815
0.000000 -3.826835 9.238795   0.000000 -7.071068 7.071067   2.705980 -7.071068 6.532815
6.532815 -3.826835 6.532815   3.535534 -3.826835 8.535534   5.000000 -7.071068 5.000000
3.535534 -3.826835 8.535534   2.705980 -7.071068 6.532815   5.000000 -7.071068 5.000000
8.535534 -3.826835 3.535534   6.532815 -3.826835 6.532815   6.532815 -7.071068 2.705980
6.532815 -3.826835 6.532815   5.000000 -7.071068 5.000000   6.532815 -7.071068 2.705980
9.238795 -3.826835 -0.000000   8.535534 -3.826835 3.535534   7.071067 -7.071068 -0.000000
8.535534 -3.826835 3.535534   6.532815 -7.071068 2.705980   7.071067 -7.071068 -0.000000
8.535534 -3.826835 -3.535534   9.238795 -3.826835 -0.000000   6.532814 -7.071068 -2.705981
9.238795 -3.826835 -0.000000   7.071067 -7.071068 -0.000000   6.532814 -7.071068 -2.705981
6.532815 -3.826835 -6.532815   8.535534 -3.826835 -3.535534   5.000000 -7.071068 -5.000000
8.535534 -3.826835 -3.535534   6.532814 -7.071068 -2.705981   5.000000 -7.071068 -5.000000
3.535533 -3.826835 -8.535534   6.532815 -3.826835 -6.532815   2.705980 -7.071068 -6.532815
6.532815 -3.826835 -6.532815   5.000000 -7.071068 -5.000000   2.705980 -7.071068 -6.532815
-0.000001 -3.826835 -9.238795   3.535533 -3.826835 -8.535534   -0.000001 -7.071068 -7.071067
3.535533 -3.826835 -8.535534   2.705980 -7.071068 -6.532815   -0.000001 -7.071068 -7.071067
-3.535535 -3.826835 -8.535534   -0.000001 -3.826835 -9.238795   -2.705981 -7.071068 -6.532814
-0.000001 -3.826835 -9.238795   -0.000001 -7.071068 -7.071067   -2.705981 -7.071068 -6.532814
-6.532815 -3.826835 -6.532814   -3.535535 -3.826835 -8.535534   -5.000000 -7.071068 -4.999999
-3.535535 -3.826835 -8.535534   -2.705981 -7.071068 -6.532814   -5.000000 -7.071068 -4.999999
-8.535534 -3.826835 -3.535533   -6.532815 -3.826835 -6.532814   -6.532815 -7.071068 -2.705980
-6.532815 -3.826835 -6.532814   -5.000000 -7.071068 -4.999999   -6.532815 -7.071068 -2.705980
-9.238795 -3.826835 0.000001   -8.535534 -3.826835 -3.535533   -7.071067 -7.071068 0.000001
-8.535534 -3.826835 -3.535533   -6.532815 -7.071068 -2.705980   -7.071067 -7.071068 0.000001
-8.535533 -3.826835 3.535535   -9.238795 -3.826835 0.000001   -6.532814 -7.071068 2.705981
-9.238795 -3.826835 0.000001   -7.071067 -7.071068 0.000001   -6.532814 -7.071068 2.705981
-6.532814 -3.826835 6.532816   -8.535533 -3.826835 3.535535   -4.999999 -7.071068 5.000000
-8.535533 -3.826835 3.535535   -6.532814 -7.071068 2.705981   -4.999999 -7.071068 5.000000
-3.535532 -3.826835 8.535535   -6.532814 -3.826835 6.532816   -2.705979 -7.071068 6.532815
-6.532814 -3.826835 6.532816   -4.999999 -7.071068 5.000000   -2.705979 -7.071068 6.532815
0.000000 -3.826835 9.238795   -3.535532 -3.826835 8.535535   0.000000 -7.071068 7.071067
-3.535532 -3.826835 8.535535   -2.705979 -7.071068 6.532815   0.000000 -7.071068 7.071067
2.705980 -7.071068 6.532815   0.000000 -7.071068 7.071067   1.464466 -9.238795 3.535533
0.000000 -7.071068 7.071067   0.000000 -9.238795 3.826834   1.464466 -9.238795 3.535533
5.000000 -7.071068 5.000000   2.705980 -7.071068 6.532815   2.705980 -9.238795 2.705980
2.705980 -7.071068 6.532815   1.464466 -9.238795 3.535533   2.705980 -9.238795 2.705980
6.532815 -7.071068 2.705980   5.000000 -7.071068 5.000000   3.535533 -9.238795 1.464466
5.000000 -7.071068 5.000000   2.705980 -9.238795 2.705980   3.535533 -9.238795 1.464466
7.071067 -7.071068 -0.000000   6.532815 -7.071068 2.705980   3.826834 -9.238795 -0.000000
6.532815 -7.071068 2.705980   3.535533 -9.238795 1.464466   3.826834 -9.238795 -0.000000
6.532814 -7.071068 -2.705981   7.071067 -7.071068 -0.000000   3.535533 -9.238795 -1.464466
7.071067 -7.071068 -0.000000   3.826834 -9.238795 -0.000000   3.535533 -9.238795 -1.464466
5.000000 -7.071068 -5.000000   6.532814 -7.071068 -2.705981   2.705980 -9.238795 -2.705980
6.532814 -7.071068 -2.705981   3.535533 -9.238795 -1.464466   2.705980 -9.238795 -2.705980
2.705980 -7.071068 -6.532815   5.000000 -7.071068 -5.000000   1.464466 -9.238795 -3.535533
5.000000 -7.071068 -5.000000   2.705980 -9.238795 -2.705980   1.464466 -9.238795 -3.535533
-0.000001 -7.071068 -7.071067   2.705980 -7.071068 -6.532815   -0.000000 -9.238795 -3.826834
2.705980 -7.071068 -6.532815   1.464466 -9.238795 -3.535533   -0.000000 -9.238795 -3.826834
-2.705981 -7.071068 -6.532814   -0.000001 -7.071068 -7.071067   -1.464466 -9.238795 -3.535533
-0.000001 -7.071068 -7.071067   -0.000000 -9.238795 -3.826834   -1.464466 -9.238795 -3.535533
-5.000000 -7.071068 -4.999999   -2.705981 -7.071068 -6.532814   -2.705980 -9.238795 -2.705980
-2.705981 -7.071068 -6.532814   -1.464466 -9.238795 -3.535533   -2.705980 -9.238795 -2.705980
-6.532815 -7.071068 -2.705980   -5.000000 -7.071068 -4.999999   -3.535533 -9.238795 -1.464465
-5.000000 -7.071068 -4.999999   -2.705980 -9.238795 -2.705980   -3.535533 -9.238795 -1.464465
-7.071067 -7.071068 0.000001   -6.532815 -7.071068 -2.705980   -3.826834 -9.238795 0.000001
-6.532815 -7.071068 -2.705980   -3.535533 -9.238795 -1.464465   -3.826834 -9.238795 0.000001
-6.532814 -7.071068 2.705981   -7.071067 -7.071068 0.000001   -3.535533 -9.238795 1.464466
-7.071067 -7.071068 0.000001   -3.826834 -9.238795 0.000001   -3.535533 -9.238795 1.464466
-4.999999 -7.071068 5.000000   -6.532814 -7.071068 2.705981   -2.705980 -9.238795 2.705981
-6.532814 -7.071068 2.705981   -3.535533 -9.238795 1.464466   -2.705980 -9.238795 2.705981
-2.705979 -7.071068 6.532815   -4.999999 -7.071068 5.000000   -1.464465 -9.238795 3.535534
-4.999999 -7.071068 5.000000   -2.705980 -9.238795 2.705981   -1.464465 -9.238795 3.535534
0.000000 -7.071068 7.071067   -2.705979 -7.071068 6.532815   0.000000 -9.238795 3.826834
-2.705979 -7.071068 6.532815   -1.464465 -9.238795 3.535534   0.000000 -9.238795 3.826834
0.000000 -10.000000 0.000000   1.464466 -9.238795 3.535533   0.000000 -9.238795 3.826834
0.000000 -10.000000 0.000000   2.705980 -9.238795 2.705980   1.464466 -9.238795 3.535533
0.000000 -10.000000 0.000000   3.535533 -9.238795 1.464466   2.705980 -9.238795 2.705980
0.000000 -10.000000 0.000000   3.826834 -9.238795 -0.000000   3.535533 -9.238795 1.464466
0.000000 -10.000000 0.000000   3.535533 -9.238795 -1.464466   3.826834 -9.238795 -0.000000
0.000000 -10.000000 0.000000   2.705980 -9.238795 -2.705980   3.535533 -9.238795 -1.464466
0.000000 -10.000000 0.000000   1.464466 -9.238795 -3.535533   2.705980 -9.238795 -2.705980
0.000000 -10.000000 0.000000   -0.000000 -9.238795 -3.826834   1.464466 -9.238795 -3.535533
0.000000 -10.000000 0.000000   -1.464466 -9.238795 -3.535533   -0.000000 -9.238795 -3.826834
0.000000 -10.000000 0.000000   -2.705980 -9.238795 -2.705980   -1.464466 -9.238795 -3.535533
0.000000 -10.000000 0.000000   -3.535533 -9.238795 -1.464465   -2.705980 -9.238795 -2.705980
0.000000 -10.000000 0.000000   -3.826834 -9.238795 0.000001   -3.535533 -9.238795 -1.464465
0.000000 -10.000000 0.000000   -3.535533 -9.238795 1.464466   -3.826834 -9.238795 0.000001
0.000000 -10.000000 0.000000   -2.705980 -9.238795 2.705981   -3.535533 -9.238795 1.464466
0.000000 -10.000000 0.000000   -1.464465 -9.238795 3.535534   -2.705980 -9.238795 2.705981
0.000000 -10.000000 0.000000   0.000000 -9.238795 3.826834   -1.464465 -9.238795 3.535534
